/*--------------------------------*- C++ -*----------------------------------*\
| =========                 |                                                 |
| \\      /  F ield         | OpenFOAM: The Open Source CFD Toolbox           |
|  \\    /   O peration     | Version:  2.3.1                                 |
|   \\  /    A nd           | Web:      www.OpenFOAM.org                      |
|    \\/     M anipulation  |                                                 |
\*---------------------------------------------------------------------------*/
FoamFile
{
    version     2.0;
    format      ascii;
    class       volScalarField;
    location    "200";
    object      UpointU;
}
// * * * * * * * * * * * * * * * * * * * * * * * * * * * * * * * * * * * * * //

dimensions      [0 2 -2 0 0 0 0];

internalField   nonuniform List<scalar> 
12225
(
98.3513
95.3658
91.1437
86.9643
83.2155
79.8402
76.7744
73.9834
71.4388
69.1121
66.977
65.0103
63.1908
61.4985
59.9126
58.4076
56.8789
55.5591
100.868
100.622
99.8528
98.8799
97.9007
96.8941
95.8424
94.7564
93.6513
92.5377
91.4232
90.3128
89.209
88.1119
87.0174
85.9187
84.829
83.8007
99.8566
100.033
100.329
100.442
100.472
100.439
100.337
100.178
99.9732
99.7306
99.455
99.1493
98.8151
98.4526
98.0604
97.6389
97.2047
96.7444
99.9977
100.237
100.591
100.776
100.891
100.974
101.025
101.045
101.042
101.017
100.971
100.905
100.818
100.709
100.579
100.43
100.275
100.112
100.044
100.277
100.577
100.759
100.892
101.007
101.101
101.172
101.224
101.258
101.275
101.275
101.258
101.224
101.173
101.109
101.04
100.962
100.048
100.252
100.512
100.697
100.84
100.966
101.072
101.158
101.226
101.278
101.315
101.336
101.344
101.337
101.317
101.288
101.254
101.216
100.041
100.211
100.438
100.619
100.764
100.892
101.002
101.094
101.17
101.23
101.277
101.311
101.332
101.34
101.339
101.329
101.316
101.299
100.035
100.179
100.379
100.55
100.693
100.82
100.931
101.025
101.105
101.171
101.223
101.264
101.293
101.312
101.322
101.325
101.324
101.323
100.031
100.154
100.33
100.49
100.629
100.753
100.864
100.96
101.042
101.112
101.169
101.216
101.251
101.278
101.297
101.311
101.321
101.332
100.027
100.131
100.283
100.431
100.563
100.683
100.792
100.889
100.973
101.046
101.108
101.16
101.203
101.238
101.267
101.291
101.313
101.336
100.024
100.11
100.24
100.373
100.498
100.613
100.719
100.815
100.901
100.977
101.044
101.102
101.152
101.196
101.235
101.27
101.304
101.339
100.02
100.092
100.202
100.321
100.437
100.546
100.649
100.744
100.831
100.91
100.981
101.045
101.103
101.156
101.205
101.252
101.297
101.346
100.017
100.076
100.17
100.275
100.382
100.486
100.585
100.68
100.768
100.849
100.925
100.996
101.062
101.124
101.184
101.242
101.299
101.36
100.014
100.064
100.144
100.238
100.336
100.435
100.531
100.625
100.715
100.8
100.881
100.959
101.033
101.105
101.175
101.244
101.314
101.387
100.012
100.054
100.124
100.208
100.3
100.395
100.49
100.584
100.676
100.766
100.853
100.938
101.021
101.102
101.183
101.264
101.345
101.431
100.01
100.048
100.11
100.188
100.275
100.368
100.463
100.558
100.654
100.749
100.843
100.936
101.028
101.12
101.212
101.303
101.396
101.492
100.01
100.045
100.103
100.178
100.264
100.356
100.453
100.552
100.653
100.754
100.856
100.957
101.059
101.161
101.263
101.365
101.468
101.575
100.01
100.044
100.103
100.179
100.266
100.362
100.463
100.567
100.674
100.783
100.892
101.003
101.113
101.224
101.335
101.447
101.559
101.675
100.01
100.047
100.109
100.189
100.281
100.382
100.489
100.6
100.714
100.83
100.947
101.064
101.183
101.301
101.42
101.539
101.658
101.781
100.011
100.051
100.118
100.205
100.305
100.413
100.527
100.645
100.765
100.887
101.011
101.135
101.259
101.384
101.509
101.633
101.758
101.886
100.012
100.056
100.131
100.228
100.336
100.452
100.573
100.698
100.825
100.953
101.082
101.212
101.342
101.471
101.601
101.73
101.858
101.99
100.012
100.061
100.146
100.255
100.373
100.497
100.625
100.757
100.89
101.023
101.157
101.291
101.425
101.559
101.691
101.823
101.954
102.088
100.011
100.064
100.164
100.286
100.415
100.547
100.682
100.82
100.958
101.096
101.233
101.37
101.507
101.643
101.778
101.911
102.044
102.179
100.007
100.064
100.181
100.319
100.457
100.596
100.737
100.878
101.019
101.159
101.299
101.437
101.575
101.711
101.847
101.98
102.112
102.246
99.9985
100.057
100.199
100.35
100.494
100.638
100.783
100.927
101.068
101.209
101.348
101.485
101.622
101.757
101.891
102.022
102.152
102.285
99.9703
100.025
100.201
100.363
100.505
100.648
100.794
100.937
101.078
101.216
101.354
101.489
101.622
101.754
101.884
102.011
102.135
102.258
99.8979
99.9271
100.17
100.36
100.505
100.643
100.777
100.905
101.029
101.15
101.269
101.387
101.502
101.615
101.727
101.837
101.943
102.051
99.7059
99.648
99.9068
100.116
100.284
100.43
100.551
100.648
100.728
100.795
100.853
100.903
100.947
100.986
101.021
101.053
101.081
101.1
100.376
100.319
100.076
99.7499
99.4704
99.2115
98.939
98.646
98.3359
98.0125
97.6793
97.3399
96.9977
96.6559
96.3174
95.9848
95.6614
95.3374
99.9202
99.4077
97.5072
95.2276
93.0047
90.8863
88.8659
86.9516
85.1506
83.4632
81.8864
80.4153
79.0446
77.7686
76.5818
75.4788
74.4586
73.4896
0.00730695
0.00542439
0.00258196
0.00245981
0.00898964
0.02306
0.0487778
0.0893756
0.146922
0.222775
0.317791
0.432657
0.567635
0.722746
0.89778
1.09234
1.30588
1.53773
1.78713
2.05326
2.33527
2.6323
2.94348
3.26798
3.60499
3.95377
4.3136
4.68383
5.06387
5.45319
5.85132
6.25787
6.67247
7.09483
7.52472
7.96195
8.40637
8.85788
9.31642
9.78196
10.2545
10.7341
11.2208
11.7146
12.2156
12.724
13.2398
13.7631
14.294
14.8326
15.379
15.9332
16.4953
17.0653
17.6431
18.2287
18.8219
19.4227
20.0307
20.6457
21.2674
21.8952
22.5286
23.167
23.8096
24.4554
25.1034
25.7523
26.4008
27.0472
27.6898
28.3265
28.955
29.5727
30.1768
30.7641
31.3313
31.8746
32.39
32.8728
33.3179
33.7202
34.0744
34.3754
34.6169
34.792
34.8923
34.9101
34.8385
34.6703
34.399
34.0184
33.5224
32.906
32.1649
31.2963
30.2988
29.1731
27.9221
26.5511
25.0684
23.4853
21.816
20.0779
18.2913
16.4787
14.6645
12.8742
11.1333
9.46669
7.89763
6.44659
5.13037
3.96133
2.94709
2.09098
1.39292
0.849869
0.455383
0.197866
0.0634659
0.0340261
0.105454
0.255809
0.467936
0.725955
1.01609
1.32664
1.64788
1.97187
2.29231
2.60434
2.90438
3.18991
3.45925
3.71136
3.94576
4.16241
4.36168
4.54414
4.7105
4.86151
4.99798
5.12078
5.23077
5.32884
5.4158
5.49248
5.55967
5.61813
5.66858
5.71169
5.74809
5.7784
5.8032
5.82316
5.83888
5.85078
5.85929
5.86482
5.86776
5.86847
5.86729
5.86453
5.86046
5.85533
5.84932
5.84256
5.8351
5.82686
5.81759
5.80684
5.79376
5.77693
5.754
5.72085
5.67023
5.58545
5.44615
5.01713
0.00743546
0.00213358
0.0172511
0.0453745
0.0815788
0.124701
0.177704
0.243371
0.323657
0.419893
0.532971
0.663424
0.811466
0.977083
1.16006
1.36003
1.57649
1.80885
2.05643
2.31853
2.5944
2.8833
3.18451
3.49731
3.82104
4.15506
4.49879
4.85169
5.21329
5.58317
5.96097
6.34636
6.73909
7.13896
7.54579
7.95948
8.37995
8.80715
9.2411
9.6818
10.1293
10.5837
11.0452
11.5136
11.9893
12.4723
12.9628
13.4608
13.9664
14.4798
15.001
15.53
16.0669
16.6116
17.164
17.7241
18.2917
18.8664
19.448
20.0362
20.6303
21.2299
21.8342
22.4424
23.0537
23.6668
24.2805
24.8936
25.5043
26.1108
26.7113
27.3035
27.8849
28.4529
29.0044
29.5361
30.0445
30.526
30.9763
31.3907
31.7644
32.0921
32.3688
32.5896
32.7489
32.8396
32.853
32.7864
32.6327
32.386
32.0406
31.5913
31.0332
30.3622
29.5753
28.6707
27.648
26.5089
25.2572
23.8991
22.4435
20.902
19.2893
17.6228
15.9223
14.2099
12.5094
10.8451
9.24145
7.72203
6.30831
5.01893
3.86881
2.86865
2.02484
1.33974
0.811905
0.435995
0.203097
0.100967
0.117309
0.230526
0.420821
0.674903
0.977782
1.31552
1.67579
2.04808
2.42371
2.79566
3.1585
3.50813
3.84168
4.15723
4.45364
4.73032
4.98722
5.22465
5.44325
5.6438
5.8272
5.99438
6.14626
6.28382
6.40802
6.5198
6.62006
6.70965
6.78941
6.86014
6.92259
6.97746
7.0254
7.06705
7.10301
7.13373
7.15986
7.18198
7.2006
7.2162
7.22923
7.24009
7.24915
7.25676
7.26322
7.26879
7.27368
7.27804
7.28191
7.2852
7.28766
7.28878
7.28765
7.28275
7.2716
7.24993
7.21079
7.1391
7.02635
6.7421
0.00314994
0.0279357
0.0710657
0.126404
0.189
0.256997
0.331592
0.414593
0.507546
0.611615
0.727634
0.856158
0.997517
1.15185
1.31916
1.4993
1.69204
1.89704
2.11391
2.34223
2.58152
2.8313
3.09109
3.3604
3.63877
3.92577
4.22096
4.52398
4.83447
5.15212
5.47666
5.80785
6.1455
6.48945
6.83958
7.19579
7.55805
7.92632
8.30061
8.68096
9.06741
9.46004
9.85895
10.2642
10.676
11.0944
11.5195
11.9514
12.3903
12.8363
13.2895
13.7498
14.2175
14.6924
15.1746
15.664
16.1605
16.6638
17.1739
17.6903
18.2127
18.7407
19.2735
19.8106
20.3511
20.8941
21.4385
21.983
22.5263
23.0666
23.6023
24.1312
24.6512
25.1596
25.6538
26.1306
26.5869
27.0189
27.423
27.7947
28.1295
28.4223
28.6686
28.8637
29.0029
29.0795
29.0869
29.0211
28.876
28.6461
28.3264
27.9122
27.3991
26.7834
26.0626
25.235
24.3006
23.261
22.1199
20.8834
19.5598
18.1603
16.6986
15.1912
13.6569
12.1164
10.5921
9.10696
7.68402
6.34524
5.11061
3.99727
3.01883
2.18506
1.50183
0.970959
0.590186
0.352923
0.24831
0.263209
0.37634
0.570398
0.830566
1.1434
1.49504
1.87265
2.26497
2.6625
3.05751
3.44388
3.81701
4.17356
4.51132
4.82895
5.12578
5.40169
5.65697
5.89222
6.1083
6.30618
6.48688
6.65143
6.80087
6.93623
7.05851
7.1687
7.26769
7.35639
7.43562
7.50619
7.56887
7.62433
7.67326
7.71627
7.75397
7.78692
7.81563
7.84069
7.86261
7.88186
7.89889
7.91409
7.92784
7.94047
7.9523
7.96358
7.97453
7.98528
7.99589
8.00628
8.01622
8.02522
8.03246
8.03657
8.03538
8.02538
8.00153
7.95375
7.88654
7.73211
0.0322621
0.0914821
0.158904
0.23517
0.31676
0.401487
0.489402
0.581427
0.678639
0.782012
0.892348
1.01028
1.13631
1.2708
1.414
1.56607
1.72708
1.897
2.07576
2.26322
2.45919
2.66344
2.87574
3.09582
3.3234
3.55823
3.80004
4.04857
4.30359
4.56488
4.83224
5.10551
5.38453
5.66918
5.95937
6.25502
6.55609
6.86257
7.17444
7.49175
7.81452
8.14283
8.47674
8.81636
9.16177
9.51309
9.87043
10.2339
10.6036
10.9797
11.3623
11.7513
12.147
12.5494
12.9584
13.3741
13.7965
14.2253
14.6605
15.1019
15.5491
16.0019
16.4597
16.9222
17.3885
17.858
18.3297
18.8027
19.2757
19.7473
20.2161
20.6803
21.1379
21.5867
22.0242
22.4478
22.8545
23.241
23.604
23.9395
24.2433
24.5108
24.7377
24.9199
25.0528
25.1306
25.1471
25.0985
24.9795
24.7855
24.5119
24.1544
23.7093
23.1731
22.5435
21.8191
20.9996
20.0867
19.0836
17.9957
16.8308
15.5989
14.3126
12.9869
11.6391
10.2885
8.95552
7.66157
6.42797
5.27498
4.22102
3.28193
2.47048
1.79612
1.26445
0.876432
0.628645
0.512076
0.514785
0.617541
0.803292
1.05775
1.36804
1.72134
2.10481
2.50664
2.91653
3.3259
3.72787
4.11717
4.48991
4.84347
5.17621
5.48731
5.77655
6.04417
6.29075
6.51717
6.72446
6.91371
7.08605
7.24261
7.38447
7.51272
7.62837
7.73242
7.8258
7.90939
7.98404
8.05053
8.10963
8.16201
8.20835
8.24927
8.28535
8.31719
8.34531
8.37026
8.3925
8.4125
8.43068
8.44743
8.46312
8.47807
8.49259
8.50693
8.5213
8.53582
8.55056
8.56547
8.58031
8.59468
8.60783
8.61861
8.62525
8.62508
8.61501
8.58906
8.5593
8.48459
0.107809
0.201431
0.286216
0.37472
0.466177
0.558495
0.651018
0.74398
0.838032
0.933953
1.03252
1.13443
1.24033
1.35077
1.46624
1.58713
1.71379
1.84644
1.98528
2.13041
2.28188
2.43969
2.60381
2.77416
2.95063
3.13312
3.32148
3.51558
3.71527
3.92043
4.13093
4.34664
4.56748
4.79334
5.02415
5.25986
5.50044
5.74585
5.99611
6.25121
6.5112
6.77612
7.04603
7.32099
7.60108
7.8864
8.17703
8.47308
8.77463
9.0818
9.39467
9.71332
10.0378
10.3683
10.7046
11.047
11.3953
11.7495
12.1095
12.4752
12.8464
13.2229
13.6042
13.9901
14.38
14.7734
15.1695
15.5675
15.9665
16.3653
16.7628
17.1574
17.5476
17.9315
18.307
18.6718
19.0235
19.3592
19.6759
19.9703
20.2388
20.4772
20.6817
20.8484
20.9736
21.0521
21.0776
21.0474
20.9571
20.8026
20.5802
20.2862
19.9172
19.4703
18.9435
18.3353
17.6458
16.8761
16.029
15.1093
14.1239
13.0814
11.993
10.8719
9.73357
8.5951
7.47486
6.39182
5.36513
4.41295
3.55184
2.79636
2.15862
1.64764
1.26814
1.01913
0.894844
0.885956
0.976203
1.15099
1.39626
1.69939
2.04847
2.43147
2.83664
3.25319
3.67181
4.08481
4.48617
4.87139
5.23732
5.58195
5.90421
6.20374
6.48074
6.73576
6.96969
7.18359
7.37863
7.55603
7.717
7.86271
7.9943
8.11285
8.21942
8.31499
8.40049
8.4768
8.54475
8.60512
8.65866
8.70603
8.74791
8.78489
8.81758
8.84655
8.87238
8.89551
8.91641
8.9355
8.95321
8.9699
8.98592
9.00161
9.01724
9.03306
9.04927
9.06601
9.08334
9.10122
9.11946
9.13771
9.15535
9.17145
9.18467
9.19316
9.19548
9.18869
9.18888
9.16529
0.227214
0.35307
0.44828
0.541033
0.634015
0.725702
0.815127
0.902067
0.986836
1.07004
1.15242
1.23474
1.31772
1.40208
1.48847
1.57746
1.66958
1.76526
1.86489
1.96877
2.07712
2.19012
2.3079
2.43053
2.55804
2.69043
2.82769
2.96978
3.11662
3.26818
3.42437
3.58513
3.7504
3.92013
4.09425
4.27273
4.45554
4.64266
4.83408
5.02981
5.22986
5.43425
5.64303
5.85624
6.07393
6.29617
6.52301
6.75453
6.9908
7.2319
7.47788
7.72882
7.98477
8.24579
8.5119
8.78312
9.05945
9.34086
9.62729
9.91864
10.2148
10.5155
10.8207
11.1298
11.4427
11.7589
12.0778
12.3988
12.7211
13.0439
13.3663
13.687
14.0048
14.3182
14.6255
14.925
15.2144
15.4916
15.7541
15.9992
16.2237
16.4244
16.5978
16.7408
16.8501
16.9216
16.9492
16.9312
16.8641
16.7447
16.57
16.337
16.0432
15.6862
15.2644
14.7767
14.2232
13.6049
12.9245
12.1858
11.395
10.5595
9.68866
8.79371
7.88776
6.98559
6.10264
5.25482
4.45834
3.72868
3.08025
2.52581
2.0759
1.73803
1.51414
1.39989
1.39057
1.47371
1.63885
1.87439
2.16853
2.50999
2.88783
3.29103
3.70893
4.13184
4.55143
4.96093
5.35513
5.73029
6.08392
6.41464
6.72187
7.00571
7.26669
7.5057
7.72383
7.92231
8.10245
8.26554
8.41284
8.54556
8.66485
8.77181
8.86749
8.95285
9.02881
9.09624
9.15595
9.2087
9.25521
9.29615
9.33217
9.36387
9.39184
9.41667
9.43893
9.45898
9.47726
9.4942
9.51018
9.52556
9.54068
9.55587
9.57138
9.58747
9.60432
9.62209
9.64082
9.66051
9.68102
9.70205
9.72314
9.74357
9.76246
9.7787
9.79219
9.80206
9.8265
9.83777
0.375599
0.531864
0.632265
0.723311
0.811579
0.896518
0.977191
1.05314
1.12446
1.19162
1.2553
1.31628
1.3754
1.43343
1.49114
1.54925
1.60839
1.66916
1.73204
1.79749
1.86586
1.93745
2.01251
2.09122
2.17372
2.2601
2.35044
2.44476
2.54308
2.64539
2.75169
2.86194
2.97612
3.0942
3.21614
3.34192
3.47152
3.60491
3.74209
3.88305
4.02778
4.1763
4.32862
4.48476
4.64474
4.80861
4.97638
5.1481
5.3238
5.50353
5.68732
5.8752
6.06721
6.26337
6.46368
6.66816
6.87677
7.08951
7.30629
7.52706
7.75169
7.98004
8.21193
8.44712
8.68534
8.92624
9.16941
9.41438
9.66057
9.90734
10.1539
10.3994
10.6429
10.8832
11.119
11.349
11.5714
11.7847
11.9867
12.1754
12.3485
12.5033
12.6371
12.7474
12.8316
12.8866
12.9073
12.8926
12.8399
12.7471
12.6121
12.4328
12.2075
11.9346
11.6132
11.2428
10.8238
10.3575
9.84619
9.2936
8.70494
8.08675
7.44675
6.79383
6.13857
5.49294
4.8691
4.27925
3.73608
3.25173
2.8378
2.50359
2.25594
2.09801
2.02821
2.04266
2.13465
2.29865
2.52721
2.81162
3.14248
3.51023
3.90524
4.31773
4.73828
5.15829
5.57041
5.96876
6.3489
6.70779
7.04358
7.35539
7.64312
7.90725
8.14863
8.36838
8.56779
8.74823
8.91107
9.05765
9.18925
9.30711
9.41235
9.50608
9.5893
9.66296
9.72796
9.78514
9.83527
9.8791
9.91733
9.95061
9.97957
10.0048
10.0269
10.0466
10.0641
10.08
10.0945
10.1081
10.1213
10.1342
10.1473
10.1609
10.1752
10.1905
10.2069
10.2246
10.2437
10.2642
10.286
10.3089
10.3325
10.3564
10.3802
10.4033
10.4267
10.451
10.4952
10.5312
0.534531
0.719976
0.822184
0.907692
0.987269
1.06163
1.13013
1.19228
1.24804
1.29777
1.34211
1.38185
1.41783
1.45092
1.48195
1.5117
1.54091
1.57025
1.6003
1.63159
1.66457
1.69962
1.73706
1.77715
1.82012
1.86611
1.91526
1.96766
2.02337
2.08244
2.14488
2.21071
2.27992
2.3525
2.42844
2.50771
2.59031
2.6762
2.76538
2.85782
2.95352
3.05246
3.15464
3.26006
3.36871
3.4806
3.59572
3.71409
3.83571
3.96057
4.0887
4.22007
4.3547
4.49257
4.63366
4.77795
4.92541
5.07597
5.22958
5.38615
5.54558
5.70773
5.87245
6.03954
6.20878
6.37989
6.55257
6.72643
6.90105
7.07594
7.25052
7.42414
7.59607
7.76547
7.9314
8.09281
8.24852
8.39726
8.53761
8.66806
8.78687
8.89216
8.98201
9.05467
9.10835
9.1405
9.14784
9.12966
9.08445
9.0109
8.90789
8.77446
8.60978
8.41332
8.185
7.92527
7.63512
7.31617
6.97093
6.60304
6.21725
5.81932
5.4155
5.01244
4.61785
4.24066
3.8896
3.57301
3.2995
3.07633
2.91115
2.80735
2.7646
2.78255
2.85679
2.98557
3.16705
3.39851
3.67584
3.99361
4.34531
4.72374
5.12107
5.52912
5.93979
6.34563
6.74024
7.11853
7.47674
7.81244
8.12429
8.41185
8.67539
8.91569
9.13384
9.33115
9.50902
9.66888
9.81215
9.94017
10.0542
10.1555
10.2451
10.3241
10.3935
10.4541
10.5069
10.5525
10.5919
10.6256
10.6544
10.6789
10.6998
10.7175
10.7328
10.7462
10.758
10.7685
10.7783
10.7875
10.7968
10.8062
10.8163
10.8272
10.8392
10.8526
10.8676
10.8843
10.9027
10.923
10.9451
10.969
10.9943
11.0209
11.0487
11.0778
11.1099
11.1465
11.2069
11.2609
0.685377
0.899226
1.00161
1.07973
1.14873
1.2108
1.26579
1.31332
1.35331
1.38607
1.41217
1.43238
1.44756
1.4586
1.46637
1.47169
1.47535
1.47807
1.48048
1.48315
1.48659
1.49123
1.49744
1.50552
1.51574
1.52829
1.54334
1.56102
1.58142
1.60461
1.63065
1.65954
1.69132
1.72598
1.76352
1.80392
1.84716
1.89322
1.94209
1.99372
2.04811
2.10522
2.16503
2.22752
2.29267
2.36044
2.43083
2.5038
2.57933
2.6574
2.73797
2.82102
2.90652
2.99441
3.08467
3.17723
3.27204
3.36902
3.4681
3.56918
3.67214
3.77687
3.88322
3.99101
4.10006
4.21014
4.321
4.43235
4.54387
4.65518
4.76587
4.87547
4.98345
5.08921
5.19211
5.29142
5.38635
5.47603
5.55955
5.63589
5.70394
5.76251
5.81043
5.84672
5.87029
5.87919
5.87229
5.84906
5.80896
5.7516
5.67686
5.58479
5.47563
5.34996
5.20878
5.05359
4.88636
4.70934
4.52541
4.33832
4.15257
3.97324
3.80538
3.65356
3.52249
3.41762
3.34393
3.30592
3.30689
3.34698
3.4271
3.54236
3.68865
3.86218
4.06236
4.28869
4.54143
4.82078
5.12616
5.45592
5.80713
6.17558
6.55588
6.94179
7.32672
7.70438
8.06923
8.41683
8.74396
9.04858
9.32972
9.58724
9.82162
10.0338
10.2251
10.3968
10.5504
10.6872
10.8088
10.9164
11.0112
11.0944
11.1669
11.2299
11.2841
11.3305
11.3699
11.403
11.4305
11.4531
11.4714
11.4862
11.4979
11.5072
11.5149
11.521
11.5259
11.5301
11.534
11.5379
11.5422
11.5471
11.5531
11.5603
11.5691
11.5796
11.5921
11.6067
11.6236
11.6428
11.6644
11.6882
11.7144
11.7429
11.7739
11.8081
11.8477
11.8946
11.9681
12.0355
0.811369
1.05303
1.15551
1.22612
1.28446
1.33432
1.3762
1.40998
1.43561
1.45337
1.4638
1.46762
1.46567
1.45883
1.44799
1.434
1.41765
1.39968
1.38074
1.36143
1.34227
1.32372
1.30615
1.2899
1.27523
1.26238
1.25152
1.24279
1.2363
1.23213
1.23034
1.23095
1.234
1.23947
1.24738
1.25769
1.27039
1.28546
1.30286
1.32256
1.34452
1.36871
1.39508
1.42361
1.45424
1.48694
1.52167
1.55838
1.59702
1.63755
1.67993
1.72408
1.76998
1.81754
1.8667
1.9174
1.96955
2.02307
2.07787
2.13385
2.19088
2.24886
2.30763
2.36705
2.42696
2.48717
2.54747
2.60765
2.66746
2.72662
2.78484
2.8418
2.89714
2.95048
3.0014
3.04945
3.09416
3.13503
3.17156
3.20319
3.22937
3.24949
3.26311
3.26994
3.26957
3.26062
3.24392
3.21926
3.18699
3.14761
3.10194
3.05107
2.99635
2.93953
2.88281
2.8289
2.78094
2.74214
2.71597
2.70639
2.71774
2.75437
2.82015
2.91825
3.05003
3.21668
3.41846
3.6564
3.91917
4.20327
4.50071
4.80497
5.11112
5.41513
5.71598
6.01429
6.3122
6.61267
6.91878
7.23299
7.55653
7.88891
8.22787
8.56957
8.90919
9.24158
9.56198
9.86639
10.1519
10.4166
10.6596
10.8809
11.0809
11.2607
11.4215
11.5645
11.6912
11.8029
11.9009
11.9864
12.0605
12.1242
12.1785
12.2242
12.2623
12.2935
12.3185
12.3381
12.3528
12.3633
12.3704
12.3745
12.3763
12.3766
12.3755
12.3733
12.3705
12.3674
12.3645
12.362
12.3603
12.3598
12.3606
12.3632
12.3677
12.3744
12.3835
12.3951
12.4094
12.4266
12.4467
12.4698
12.496
12.5255
12.5589
12.5971
12.6429
12.6984
12.7825
12.8599
0.899342
1.16792
1.2716
1.33595
1.38496
1.4241
1.45465
1.47682
1.49071
1.4966
1.49501
1.48662
1.47223
1.4527
1.42889
1.40164
1.37174
1.3399
1.30679
1.273
1.23902
1.20532
1.17227
1.1402
1.10936
1.07997
1.05222
1.02623
1.0021
0.979917
0.959719
0.941538
0.925385
0.911258
0.899142
0.889014
0.880845
0.874599
0.870234
0.867709
0.866977
0.86799
0.870699
0.875052
0.880999
0.888486
0.897459
0.907862
0.919638
0.932728
0.94707
0.962599
0.97925
0.99695
1.01562
1.0352
1.05558
1.07668
1.09841
1.12067
1.14334
1.16631
1.18946
1.21265
1.23575
1.2586
1.28106
1.30294
1.32406
1.34426
1.36331
1.38102
1.39718
1.41156
1.42396
1.43414
1.4419
1.44706
1.44945
1.44893
1.44539
1.43878
1.42925
1.41713
1.40263
1.38518
1.36689
1.34815
1.33012
1.31416
1.30205
1.29589
1.2982
1.31194
1.34056
1.38801
1.4587
1.55714
1.68779
1.8548
2.06247
2.3145
2.61345
2.96313
3.35512
3.78604
4.24928
4.73407
5.22824
5.72194
6.20318
6.66302
7.09496
7.49524
7.86316
8.20063
8.51165
8.80179
9.07747
9.34516
9.61048
9.87729
10.1472
10.4193
10.691
10.9585
11.2177
11.4649
11.6971
11.9123
12.1094
12.2881
12.4487
12.5919
12.7187
12.8304
12.9279
13.0126
13.0855
13.1475
13.1997
13.2429
13.278
13.3058
13.3269
13.3421
13.352
13.3572
13.3585
13.3563
13.3513
13.3441
13.3356
13.3259
13.3151
13.3038
13.2923
13.2811
13.2704
13.2606
13.252
13.245
13.2399
13.2368
13.2361
13.238
13.2427
13.2504
13.2613
13.2755
13.2933
13.3147
13.3401
13.3699
13.4048
13.4461
13.4968
13.5592
13.6516
13.7366
0.940737
1.23438
1.34116
1.40148
1.4435
1.4744
1.4963
1.50986
1.51541
1.51331
1.50406
1.48832
1.46684
1.44043
1.40991
1.37608
1.33969
1.30143
1.26192
1.22171
1.18129
1.14106
1.10138
1.06253
1.02476
0.988247
0.953142
0.919557
0.887569
0.857229
0.828567
0.801591
0.776295
0.752659
0.730654
0.710243
0.691381
0.67402
0.658107
0.643588
0.630406
0.618503
0.607822
0.598304
0.589888
0.582516
0.576128
0.570663
0.566059
0.562254
0.559184
0.556783
0.554984
0.553718
0.552911
0.552488
0.55237
0.552475
0.552717
0.553005
0.553245
0.553339
0.553183
0.55267
0.55169
0.550126
0.547863
0.54478
0.540757
0.535675
0.529418
0.521878
0.512959
0.502577
0.490676
0.477225
0.462236
0.445775
0.42797
0.409025
0.389233
0.369016
0.349008
0.330068
0.313052
0.298548
0.289048
0.285841
0.290837
0.306296
0.334932
0.379946
0.445051
0.534497
0.653091
0.806149
0.999474
1.2397
1.53245
1.88036
2.28809
2.75794
3.28909
3.87676
4.51127
5.18358
5.87954
6.58199
7.274
7.94013
8.56584
9.1403
9.65636
10.111
10.505
10.8425
11.1301
11.3761
11.5898
11.7811
11.9593
12.1324
12.3061
12.4834
12.6643
12.8468
13.0276
13.2032
13.3703
13.5264
13.67
13.8
13.9164
14.0194
14.1095
14.1875
14.2542
14.3105
14.3571
14.3948
14.4244
14.4465
14.4619
14.4711
14.4747
14.4734
14.4677
14.4582
14.4454
14.43
14.4126
14.3939
14.3743
14.3537
14.3326
14.3114
14.2905
14.2702
14.2509
14.233
14.2167
14.2024
14.1903
14.1808
14.174
14.1702
14.1696
14.1725
14.1791
14.1895
14.2041
14.223
14.2468
14.2759
14.3114
14.3548
14.4093
14.4771
14.5759
14.6666
0.934317
1.24685
1.35918
1.4184
1.45643
1.48215
1.4986
1.50701
1.50801
1.5021
1.48985
1.47189
1.44895
1.42176
1.39109
1.35766
1.32216
1.28522
1.24738
1.20914
1.17091
1.13304
1.09583
1.05952
1.02428
0.990253
0.957549
0.926231
0.896339
0.867888
0.840874
0.815276
0.79106
0.768181
0.746588
0.726223
0.707022
0.688922
0.671855
0.655755
0.640553
0.626183
0.612579
0.599675
0.587409
0.575717
0.564537
0.553811
0.543477
0.533476
0.523751
0.514241
0.504887
0.495631
0.486412
0.477166
0.467833
0.458346
0.448639
0.438643
0.428288
0.4175
0.406205
0.394325
0.381782
0.3685
0.354399
0.339407
0.323455
0.306483
0.288446
0.269316
0.249091
0.227803
0.205525
0.182386
0.158583
0.134395
0.110206
0.0865288
0.0640276
0.0435451
0.0261272
0.0130715
0.00603642
0.00710428
0.0182835
0.0419788
0.0809232
0.13833
0.217964
0.324198
0.462047
0.637183
0.855878
1.12487
1.45106
1.84092
2.29962
2.83115
3.43814
4.12006
4.87206
5.68434
6.54262
7.43075
8.32838
9.21301
10.0628
10.8579
11.5816
12.2218
12.7721
13.231
13.6024
13.8939
14.116
14.2806
14.4004
14.4879
14.5549
14.6122
14.6689
14.7313
14.8026
14.883
14.9705
15.0619
15.1537
15.2426
15.3263
15.4029
15.4715
15.5316
15.583
15.6261
15.6611
15.6883
15.7083
15.7214
15.7282
15.7291
15.7245
15.715
15.7011
15.6831
15.6617
15.6372
15.6103
15.5815
15.5516
15.5211
15.4895
15.4575
15.4255
15.3937
15.3627
15.3327
15.3041
15.2773
15.2526
15.2302
15.2104
15.1935
15.1798
15.1695
15.1628
15.1601
15.1615
15.1673
15.1779
15.1935
15.2148
15.2425
15.2778
15.3223
15.3794
15.4511
15.5546
15.6495
0.882669
1.20564
1.32507
1.38611
1.42328
1.44702
1.46135
1.46813
1.46839
1.46286
1.45221
1.43712
1.41827
1.39634
1.37201
1.34591
1.31863
1.29069
1.26255
1.23459
1.20714
1.18046
1.15475
1.13017
1.10683
1.08481
1.06414
1.04482
1.02685
1.0102
0.994811
0.980627
0.967579
0.955593
0.944587
0.93448
0.925187
0.916625
0.908711
0.901362
0.894501
0.88805
0.881936
0.87609
0.870442
0.864931
0.859494
0.854074
0.848616
0.843068
0.837381
0.831506
0.825398
0.819014
0.812311
0.805247
0.797783
0.789879
0.781495
0.772592
0.763129
0.753067
0.742364
0.730978
0.71887
0.705999
0.692329
0.67783
0.662483
0.646282
0.629244
0.611412
0.592868
0.573746
0.554238
0.534617
0.515247
0.496611
0.479338
0.464249
0.452383
0.444984
0.443485
0.449657
0.466517
0.49662
0.541866
0.605652
0.691623
0.803993
0.947608
1.12801
1.35147
1.6249
1.95575
2.35175
2.82036
3.36807
3.99968
4.71816
5.52365
6.41203
7.37393
8.39445
9.45391
10.5291
11.5935
12.6192
13.5798
14.4522
15.2182
15.8662
16.3917
16.7967
17.0894
17.2824
17.3913
17.4329
17.424
17.38
17.3149
17.2408
17.168
17.1047
17.0562
17.0249
17.0103
17.0099
17.02
17.0369
17.057
17.0776
17.0968
17.113
17.1255
17.1336
17.137
17.1356
17.1293
17.1184
17.1028
17.0829
17.0589
17.0311
16.9998
16.9655
16.9285
16.8892
16.8483
16.8064
16.7641
16.7209
16.6771
16.6333
16.5899
16.5471
16.5055
16.4653
16.4269
16.3906
16.3568
16.3256
16.2974
16.2726
16.2512
16.2336
16.2202
16.211
16.2065
16.2069
16.2127
16.2243
16.2424
16.2678
16.3019
16.3466
16.4051
16.4795
16.5862
16.6842
0.791997
1.11584
1.24259
1.30765
1.34668
1.37136
1.38663
1.39502
1.39804
1.39673
1.39194
1.3844
1.37481
1.36378
1.35189
1.33966
1.32754
1.31591
1.3051
1.29534
1.28685
1.27976
1.27416
1.2701
1.26759
1.26663
1.26716
1.26913
1.27246
1.27706
1.28282
1.28965
1.29744
1.30607
1.31543
1.32542
1.33593
1.34685
1.35808
1.36954
1.38111
1.39273
1.40431
1.41577
1.42704
1.43805
1.44875
1.45908
1.46898
1.47842
1.48736
1.49575
1.50357
1.51079
1.51739
1.52335
1.52866
1.5333
1.53727
1.54056
1.54317
1.54509
1.54632
1.54686
1.5467
1.54585
1.54432
1.54211
1.53926
1.53581
1.53184
1.52746
1.52284
1.51822
1.5139
1.5103
1.50797
1.50759
1.51006
1.51653
1.52843
1.5474
1.57525
1.61459
1.6707
1.74334
1.83683
1.95502
2.10246
2.28438
2.50673
2.7762
3.10019
3.4867
3.94406
4.48053
5.10368
5.81957
6.63204
7.54198
8.54618
9.63604
10.7969
12.0078
13.2425
14.4709
15.66
16.7769
17.7914
18.6787
19.4209
20.0088
20.4418
20.7273
20.8795
20.9174
20.8626
20.7376
20.5637
20.3599
20.1424
19.9241
19.7153
19.5237
19.3549
19.2121
19.0955
19.0033
18.9319
18.8769
18.8342
18.7999
18.771
18.745
18.72
18.6948
18.6683
18.6398
18.6089
18.5752
18.5386
18.499
18.4565
18.4113
18.3635
18.3135
18.2615
18.208
18.1537
18.0993
18.0439
17.9879
17.9319
17.8761
17.8211
17.7671
17.7145
17.6638
17.6151
17.5689
17.5255
17.485
17.4479
17.4145
17.3849
17.3594
17.3384
17.3222
17.3111
17.3055
17.3058
17.3126
17.3267
17.3491
17.3813
17.4252
17.4842
17.56
17.6686
17.7687
0.673136
0.986952
1.11926
1.18918
1.23175
1.25944
1.27799
1.29059
1.29927
1.30543
1.31014
1.31425
1.31845
1.32331
1.32929
1.33676
1.34602
1.35726
1.37064
1.38624
1.4041
1.4242
1.4465
1.47092
1.49736
1.5257
1.55582
1.58755
1.62076
1.6553
1.691
1.72772
1.76531
1.80362
1.84251
1.88185
1.92149
1.96133
2.00124
2.04112
2.08085
2.12034
2.1595
2.19825
2.23651
2.27421
2.31128
2.34767
2.38333
2.41821
2.45229
2.48554
2.51793
2.54945
2.58011
2.60989
2.63882
2.66691
2.69418
2.72066
2.74639
2.77139
2.79571
2.81938
2.84243
2.86492
2.88689
2.90839
2.92951
2.95034
2.97104
2.99179
3.01285
3.03457
3.0574
3.08192
3.10888
3.13919
3.17408
3.21507
3.26399
3.32286
3.39396
3.48144
3.59144
3.72221
3.87934
4.06759
4.29251
4.56044
4.8784
5.25419
5.69626
6.21345
6.81466
7.50828
8.30141
9.19898
10.2028
11.3104
12.514
13.7992
15.1449
16.5228
17.8993
19.2369
20.4968
21.642
22.6402
23.467
24.1075
24.5573
24.8223
24.9176
24.865
24.6909
24.4238
24.0915
23.7199
23.3313
22.9438
22.5709
22.2226
21.905
21.6223
21.3761
21.1662
20.9904
20.8449
20.7249
20.6254
20.5416
20.4695
20.4057
20.3475
20.2927
20.2397
20.1872
20.1343
20.0803
20.0248
19.9674
19.9081
19.8469
19.7839
19.7192
19.6533
19.5866
19.5201
19.4524
19.3841
19.3157
19.2475
19.1798
19.1132
19.0479
18.9843
18.9228
18.8637
18.8074
18.754
18.7039
18.6575
18.615
18.5767
18.5428
18.5138
18.49
18.4717
18.4594
18.4536
18.455
18.4645
18.4832
18.5126
18.5549
18.6133
18.6896
18.7988
18.9003
0.541426
0.834117
0.967819
1.04138
1.08749
1.11885
1.14182
1.16021
1.17653
1.19255
1.20959
1.22858
1.25022
1.27502
1.30329
1.33525
1.37098
1.4105
1.45376
1.50064
1.55099
1.60464
1.66138
1.721
1.78326
1.84795
1.91482
1.98366
2.05424
2.12634
2.19975
2.27429
2.34974
2.42595
2.50273
2.57992
2.65738
2.73496
2.81253
2.88996
2.96714
3.04395
3.12029
3.19607
3.2712
3.3456
3.41919
3.49192
3.56372
3.63455
3.70438
3.77317
3.84091
3.90759
3.97322
4.03782
4.10141
4.16403
4.22574
4.2866
4.34667
4.40602
4.46473
4.52287
4.58052
4.63775
4.69467
4.75137
4.80798
4.86468
4.92168
4.97927
5.03783
5.09785
5.15997
5.22497
5.29384
5.36783
5.44854
5.53792
5.6382
5.75185
5.88216
6.03693
6.21524
6.4206
6.6584
6.93443
7.25532
7.62848
8.06208
8.56493
9.14631
9.81563
10.5819
11.4529
12.4345
13.5293
14.7354
16.0457
17.446
18.9145
20.4218
21.9315
23.4018
24.7885
26.048
27.1409
28.0359
28.712
29.1608
29.386
29.403
29.2362
28.9168
28.4792
27.9584
27.3872
26.7948
26.2055
25.6381
25.1064
24.619
24.1809
23.7936
23.4564
23.167
22.9217
22.7155
22.5426
22.3972
22.2737
22.1671
22.0731
21.9882
21.9097
21.8353
21.7633
21.6923
21.6214
21.5499
21.4774
21.4035
21.3283
21.2517
21.174
21.0955
21.0174
20.9379
20.8577
20.7772
20.6967
20.6167
20.5375
20.4595
20.3831
20.3086
20.2364
20.1669
20.1002
20.0368
19.977
19.921
19.8692
19.8218
19.7792
19.7418
19.7099
19.684
19.6645
19.6521
19.6475
19.6518
19.6661
19.6921
19.732
19.7889
19.8647
19.9735
20.0758
0.406403
0.666723
0.795332
0.868852
0.916354
0.950286
0.977431
1.00208
1.02717
1.05477
1.08633
1.12284
1.16496
1.21305
1.26727
1.32761
1.39397
1.46613
1.54383
1.62675
1.71455
1.80688
1.90339
2.00371
2.1075
2.21442
2.32415
2.43637
2.55079
2.66714
2.78516
2.9046
3.02525
3.14688
3.26931
3.39235
3.51582
3.63958
3.76346
3.88733
4.01105
4.1345
4.25756
4.38011
4.50205
4.62328
4.74372
4.86328
4.98189
5.09948
5.21601
5.33144
5.44574
5.55889
5.67091
5.78182
5.89165
6.00045
6.10832
6.21532
6.32156
6.42714
6.53216
6.63675
6.74101
6.84506
6.94904
7.05311
7.15745
7.26232
7.36804
7.47503
7.58385
7.6952
7.80996
7.92921
8.05429
8.18691
8.32916
8.4835
8.6526
8.83945
9.04936
9.28986
9.55574
9.85464
10.1928
10.5772
11.0156
11.5166
12.0893
12.7434
13.4886
14.3343
15.2888
16.3584
17.5462
18.8509
20.2652
21.775
23.358
24.9831
26.6116
28.1978
29.6924
31.0457
32.2115
33.1518
33.8399
34.2627
34.4221
34.3335
34.0241
33.5299
32.8915
32.1513
31.3495
30.5224
29.7006
28.9082
28.1633
27.4779
26.8592
26.3097
25.8291
25.4143
25.0603
24.761
24.5097
24.2989
24.1215
23.9709
23.841
23.7267
23.6239
23.5292
23.44
23.354
23.2699
23.1864
23.1027
23.0182
22.9326
22.8458
22.7578
22.6687
22.5798
22.4895
22.3982
22.3064
22.2144
22.1226
22.0314
21.9412
21.8523
21.7652
21.6802
21.5976
21.5178
21.4411
21.3677
21.2981
21.2325
21.1713
21.1147
21.0632
21.0171
20.9769
20.9429
20.9159
20.8965
20.8855
20.884
20.8933
20.9153
20.9521
21.0068
21.0813
21.1887
21.2914
0.315616
0.545248
0.661249
0.727545
0.770547
0.802357
0.829958
0.857912
0.889352
0.926435
0.970599
1.02274
1.08334
1.15259
1.23043
1.31667
1.41099
1.51299
1.62222
1.73822
1.8605
1.98858
2.12198
2.26024
2.40292
2.5496
2.69989
2.85341
3.00983
3.16881
3.33007
3.49332
3.65831
3.8248
3.99259
4.16145
4.33122
4.5017
4.67273
4.84415
5.01582
5.18759
5.35932
5.53087
5.70212
5.87296
6.04327
6.21294
6.38189
6.55002
6.71727
6.88358
7.0489
7.2132
7.37648
7.53876
7.70009
7.86053
8.02016
8.1791
8.33748
8.49542
8.65306
8.81056
8.96805
9.1257
9.2837
9.44225
9.60163
9.7622
9.92443
10.0889
10.2564
10.428
10.6048
10.7884
10.9806
11.1836
11.4003
11.6337
11.8872
12.1656
12.4786
12.8193
13.1941
13.6099
14.0741
14.5948
15.181
15.8423
16.5886
17.4299
18.3759
19.4353
20.6143
21.9163
23.3398
24.8773
26.5138
28.2255
29.9796
31.734
33.439
35.0399
36.4807
37.7088
38.6797
39.361
39.7361
39.8051
39.5845
39.1048
38.4074
37.54
36.5527
35.4937
34.4066
33.3282
32.2879
31.3073
30.4012
29.5786
28.8436
28.1967
27.6352
27.1542
26.7471
26.406
26.122
25.8861
25.6895
25.524
25.3824
25.2587
25.1478
25.046
24.9501
24.8577
24.7672
24.6773
24.5871
24.496
24.4036
24.3098
24.2147
24.1182
24.0208
23.9222
23.8228
23.7229
23.623
23.5233
23.4242
23.3263
23.2297
23.1349
23.0423
22.9522
22.8649
22.7807
22.7001
22.6232
22.5505
22.4822
22.4188
22.3605
22.3079
22.2614
22.2215
22.1889
22.1643
22.1487
22.1433
22.1494
22.169
22.2043
22.2583
22.3329
22.4404
22.5454
0.252623
0.453873
0.554706
0.611046
0.647174
0.674957
0.70158
0.731778
0.76873
0.814512
0.870386
0.937016
1.01464
1.10321
1.20246
1.312
1.43132
1.55988
1.69711
1.84242
1.99521
2.15492
2.32099
2.4929
2.67014
2.85223
3.03875
3.22927
3.42342
3.62085
3.82123
4.02426
4.22967
4.43721
4.64665
4.85778
5.07039
5.2843
5.49934
5.71533
5.93211
6.14954
6.36745
6.5857
6.80415
7.02266
7.2411
7.45936
7.6773
7.89484
8.11188
8.32834
8.54415
8.75927
8.97369
9.18742
9.4005
9.61301
9.82503
10.0367
10.2482
10.4596
10.6711
10.883
11.0953
11.3083
11.5221
11.7371
11.9536
12.1721
12.3931
12.6176
12.8464
13.0809
13.3227
13.5738
13.8364
14.1135
14.4085
14.7252
15.0681
15.4459
15.8606
16.3092
16.8
17.3406
17.939
18.6042
19.3459
20.1741
21.0988
22.1296
23.2751
24.5417
25.9327
27.4467
29.0763
30.8062
32.6125
34.4615
36.3099
38.1059
39.7915
41.3067
42.5936
43.6022
44.2949
44.6505
44.666
44.3569
43.7547
42.9038
41.8567
40.6692
39.3961
38.0872
36.7852
35.5245
34.3305
33.2208
32.2064
31.2928
30.4815
29.7708
29.1568
28.6336
28.1937
27.8281
27.527
27.2802
27.0773
26.9091
26.767
26.6441
26.5347
26.4344
26.3399
26.2486
26.1586
26.0687
25.978
25.8859
25.792
25.6964
25.5988
25.4996
25.3986
25.2964
25.1932
25.0894
24.9855
24.8817
24.7786
24.6765
24.5757
24.4767
24.3798
24.2854
24.1938
24.1053
24.0203
23.9392
23.8622
23.7897
23.7221
23.6599
23.6034
23.5532
23.5099
23.4742
23.4469
23.4292
23.4221
23.4274
23.4469
23.4829
23.5384
23.6153
23.7249
23.8348
0.216564
0.389806
0.470015
0.510957
0.535641
0.555945
0.579278
0.610377
0.652245
0.70665
0.774476
0.855998
0.951108
1.05946
1.18054
1.31374
1.45842
1.61389
1.77944
1.9544
2.13808
2.32984
2.52906
2.73515
2.94755
3.16574
3.38923
3.61757
3.85034
4.08716
4.32766
4.57154
4.81848
5.06824
5.32055
5.5752
5.83198
6.09069
6.35115
6.61318
6.87662
7.14131
7.40709
7.67381
7.9413
8.20944
8.47809
8.7471
9.01635
9.28572
9.5551
9.8244
10.0935
10.3625
10.6312
10.8996
11.1679
11.436
11.7042
11.9725
12.2412
12.5103
12.7802
13.051
13.3229
13.5962
13.8711
14.1479
14.4272
14.7094
14.9954
15.2863
15.5833
15.8883
16.2032
16.5305
16.8733
17.2352
17.6204
18.0336
18.4822
18.9748
19.5023
20.0733
20.6954
21.3767
22.1261
22.953
23.8672
24.8785
25.9965
27.2294
28.5834
30.0616
31.6623
33.3781
35.1935
37.0844
39.0166
40.9458
42.8188
44.5751
46.1513
47.4852
48.5221
49.2195
49.552
49.5135
49.1181
48.398
47.3999
46.1805
44.8008
43.3215
41.7985
40.2801
38.805
37.4024
36.0927
34.8884
33.7963
32.8184
31.9536
31.1984
30.5478
29.9951
29.5327
29.1512
28.8404
28.589
28.3861
28.2209
28.084
27.9674
27.8648
27.7712
27.6828
27.5969
27.5116
27.4256
27.3379
27.2481
27.1559
27.0612
26.964
26.8645
26.7625
26.659
26.5542
26.4487
26.3428
26.2369
26.1315
26.0269
25.9236
25.822
25.7223
25.6251
25.5305
25.4391
25.3511
25.2669
25.1869
25.1114
25.0408
24.9756
24.9163
24.8634
24.8176
24.7798
24.7507
24.7316
24.7239
24.7291
24.7492
24.7866
24.8444
24.9242
25.0365
25.1521
0.204425
0.348421
0.402215
0.42254
0.43182
0.442157
0.461143
0.493243
0.540999
0.605625
0.687418
0.786114
0.901166
1.03188
1.17747
1.33713
1.51002
1.6953
1.89214
2.09975
2.31736
2.54421
2.77961
3.02289
3.2734
3.53056
3.79381
4.06264
4.33658
4.61518
4.89806
5.18485
5.47524
5.76893
6.06567
6.36522
6.66738
6.97195
7.27875
7.58763
7.89842
8.21097
8.52515
8.84081
9.15781
9.47603
9.79535
10.1156
10.4367
10.7586
11.0811
11.4041
11.7276
12.0514
12.3757
12.7003
13.0255
13.3511
13.6774
14.0046
14.3329
14.6624
14.9936
15.3265
15.6615
15.9988
16.3387
16.6816
17.0281
17.3791
17.7355
18.0987
18.4707
18.8534
19.2496
19.6624
20.0958
20.5542
21.0428
21.5688
22.1433
22.7548
23.411
24.1196
24.8889
25.7275
26.6445
27.6494
28.7517
29.9605
31.2836
32.7268
34.2927
35.9793
37.7787
39.6752
41.6444
43.6515
45.6517
47.5902
49.4048
51.0295
52.3986
53.4534
54.1473
54.4512
54.3563
53.8754
53.0409
51.9016
50.5175
48.9545
47.2784
45.5505
43.8238
42.1415
40.5363
39.0309
37.6398
36.3706
35.226
34.2051
33.3045
32.5193
31.8437
31.2708
30.7927
30.4003
30.0834
29.8305
29.6299
29.4703
29.3412
29.2338
29.1409
29.0571
28.978
28.9007
28.8232
28.744
28.6623
28.5776
28.4897
28.3986
28.3043
28.2071
28.1065
28.004
27.8999
27.7946
27.6887
27.5826
27.4767
27.3714
27.2672
27.1645
27.0637
26.9651
26.8691
26.7761
26.6865
26.6005
26.5187
26.4413
26.3689
26.3019
26.2408
26.1863
26.1391
26.1001
26.0702
26.0507
26.0431
26.0491
26.0707
26.1104
26.1713
26.255
26.3705
26.4927
0.22657
0.329778
0.350352
0.345967
0.337626
0.337564
0.353669
0.389822
0.447867
0.528254
0.630482
0.753563
0.896382
1.0578
1.23666
1.43184
1.64219
1.86662
2.10408
2.35356
2.61407
2.88471
3.16459
3.4529
3.74885
4.05174
4.36089
4.67571
4.99563
5.32016
5.64887
5.98135
6.3173
6.65641
6.99846
7.34323
7.69056
8.04029
8.3923
8.74649
9.10277
9.46105
9.82124
10.1833
10.5471
10.9126
11.2798
11.6486
12.0188
12.3905
12.7635
13.1379
13.5135
13.8903
14.2684
14.6478
15.0285
15.4106
15.7945
16.1802
16.568
16.9583
17.3513
17.7474
18.1468
18.5499
18.957
19.3687
19.7857
20.209
20.6402
21.081
21.5338
22.0014
22.4872
22.9953
23.5306
24.0986
24.7068
25.3667
26.0674
26.8137
27.6138
28.4756
29.4079
30.4195
31.5194
32.7168
34.02
35.4363
36.9707
38.6253
40.3974
42.2784
44.2523
46.2939
48.3681
50.4292
52.4215
54.2814
55.9407
57.3313
58.3912
59.0708
59.3381
59.1822
58.6147
57.6684
56.3939
54.854
53.1184
51.2573
49.3363
47.4127
45.5335
43.7342
42.04
40.467
39.0241
37.7146
36.5378
35.4905
34.5676
33.7633
33.0712
32.4844
31.9951
31.5946
31.273
31.0191
30.821
30.667
30.5459
30.4482
30.3661
30.2933
30.2252
30.1584
30.0907
30.0205
29.947
29.8697
29.7884
29.7031
29.614
29.5212
29.4246
29.3251
29.2236
29.1207
29.0167
28.9121
28.8075
28.7033
28.5999
28.4978
28.3974
28.299
28.203
28.1099
28.02
27.9336
27.8513
27.7734
27.7003
27.6326
27.5709
27.5159
27.4683
27.4291
27.3993
27.3804
27.3739
27.3817
27.4059
27.4486
27.5118
27.598
27.7153
27.8434
0.301636
0.337301
0.314899
0.281496
0.254615
0.248702
0.2713
0.325288
0.411343
0.528551
0.674855
0.84781
1.04513
1.26469
1.50444
1.76244
2.03686
2.32597
2.62818
2.94202
3.26614
3.59928
3.9403
4.28818
4.64197
5.00082
5.364
5.73086
6.10086
6.47354
6.84853
7.22554
7.60437
7.98487
8.36697
8.75063
9.13585
9.52265
9.91111
10.3013
10.6933
11.0872
11.4832
11.8812
12.2814
12.6839
13.0887
13.4959
13.9056
14.3176
14.7322
15.1492
15.5688
15.9908
16.4155
16.8427
17.2728
17.7058
18.142
18.5816
19.025
19.4724
19.9244
20.3813
20.8434
21.3112
21.785
22.2655
22.7538
23.2513
23.7599
24.2822
24.8211
25.3803
25.9642
26.578
27.2278
27.921
28.6699
29.4621
30.3021
31.1971
32.1551
33.1846
34.2941
35.4922
36.7874
38.1874
39.6986
41.3252
43.0682
44.9243
46.8838
48.9301
51.0371
53.169
55.2795
57.3121
59.2021
60.8798
62.2754
63.3249
63.9767
64.1967
63.9729
63.3163
62.2604
60.8568
59.171
57.2753
55.2433
53.144
51.0381
48.9751
46.9933
45.1197
43.3722
41.7608
40.2898
38.9589
37.7652
36.7036
35.7682
34.9525
34.2498
33.6532
33.1554
32.7481
32.4218
32.1659
31.9689
31.8187
31.7041
31.6151
31.543
31.4811
31.4242
31.3686
31.3117
31.2519
31.1881
31.1198
31.0468
30.9691
30.887
30.8007
30.7105
30.616
30.519
30.4202
30.3199
30.2187
30.1172
30.0157
29.9148
29.8149
29.7165
29.6198
29.5254
29.4336
29.3448
29.2594
29.1779
29.1007
29.0282
28.9611
28.9
28.8455
28.7986
28.7604
28.7318
28.7146
28.7103
28.7201
28.7455
28.7893
28.8544
28.9432
29.0623
29.1969
0.478236
0.361925
0.269463
0.203087
0.182098
0.217366
0.311738
0.46258
0.664469
0.910302
1.19239
1.50393
1.83962
2.19506
2.56643
2.95047
3.3444
3.74589
4.153
4.56405
4.97767
5.39267
5.80806
6.22302
6.63689
7.04915
7.45943
7.8675
8.27326
8.67671
9.07794
9.47716
9.87464
10.2707
10.6657
11.0602
11.4544
11.8489
12.2442
12.6406
13.0388
13.4391
13.842
14.2478
14.6569
15.0696
15.4863
15.9072
16.3324
16.7621
17.1966
17.6359
18.08
18.5291
18.9832
19.4425
19.907
20.3771
20.8529
21.3348
21.823
22.318
22.8203
23.3304
23.8486
24.3752
24.911
25.4567
26.0138
26.5842
27.1706
27.7763
28.4054
29.0624
29.753
30.484
31.2637
32.1016
32.9846
33.9183
34.9093
35.9647
37.0926
38.3011
39.5983
40.9918
42.4886
44.0941
45.8113
47.6403
49.5762
51.6087
53.7196
55.8823
58.06
60.2056
62.262
64.1638
65.8405
67.2216
68.2421
68.8495
69.0092
68.7087
67.9594
66.7951
65.269
63.448
61.4064
59.22
56.9598
54.6886
52.4579
50.3077
48.2667
46.3541
44.5814
42.9538
41.472
40.1334
38.9334
37.8661
36.9247
36.1027
35.3931
34.7894
34.2843
33.8703
33.5384
33.2788
33.0803
32.9313
32.8206
32.7377
32.6737
32.6212
32.5747
32.5299
32.484
32.4349
32.3816
32.3233
32.2598
32.1911
32.1175
32.0393
31.9568
31.8702
31.7794
31.6863
31.5915
31.4954
31.3986
31.3016
31.2048
31.1087
31.0137
30.9203
30.8289
30.7399
30.6537
30.5707
30.4913
30.4161
30.3456
30.2803
30.2209
30.1683
30.1232
30.0871
30.061
30.0455
30.0419
30.0523
30.0789
30.1243
30.1914
30.2828
30.4039
30.5455
0.641165
0.213499
0.193548
0.367149
0.679247
1.10205
1.60679
2.16361
2.74853
3.34338
3.93766
4.52543
5.1037
5.67041
6.22413
6.76403
7.2897
7.80104
8.29814
8.78115
9.25031
9.70591
10.1483
10.578
10.9954
11.4012
11.7962
12.1811
12.5568
12.9242
13.2843
13.638
13.9864
14.3304
14.6711
15.0095
15.3466
15.6836
16.0214
16.361
16.7036
17.05
17.4011
17.7578
18.1209
18.491
18.8687
19.2546
19.6491
20.0526
20.4652
20.8873
21.3189
21.7602
22.2112
22.6721
23.1429
23.6237
24.1148
24.6164
25.1289
25.6525
26.1879
26.7355
27.2957
27.8688
28.4555
29.0571
29.6754
30.3134
30.9746
31.6634
32.3851
33.1456
33.9519
34.8151
35.7359
36.7052
37.7285
38.8118
39.9617
41.1854
42.4903
43.8837
45.3724
46.9623
48.6577
50.4603
52.3686
54.3767
56.4724
58.6366
60.8413
63.0488
65.2113
67.2711
69.1627
70.8154
72.1589
73.1287
73.6725
73.7566
73.3691
72.5222
71.2509
69.6093
67.665
65.4933
63.1708
60.7693
58.3522
55.9721
53.6699
51.4756
49.4095
47.4845
45.7069
44.0786
42.5978
41.2605
40.0611
38.9932
38.05
37.2245
36.5102
35.9005
35.3886
34.9673
34.6284
34.3628
34.16
34.0089
33.8986
33.8186
33.7598
33.7144
33.6764
33.6411
33.6053
33.5667
33.5238
33.4759
33.4226
33.3639
33.2998
33.2308
33.1573
33.0797
32.998
32.9123
32.8245
32.735
32.6445
32.5534
32.4623
32.3715
32.2816
32.193
32.1061
32.0213
31.9391
31.8599
31.784
31.7122
31.6449
31.5827
31.5263
31.4769
31.4349
31.4008
31.3755
31.3608
31.3582
31.3698
31.3979
31.4452
31.5145
31.6085
31.7318
31.8806
1.56677
2.46519
4.28183
6.03823
7.60592
8.97486
10.1463
11.1365
11.9746
12.6945
13.3562
13.9686
14.5358
15.0625
15.5528
16.0103
16.4381
16.8386
17.214
17.5661
17.8964
18.2068
18.4987
18.7739
19.034
19.2807
19.5155
19.74
19.9555
20.1634
20.3649
20.5611
20.7532
20.9424
21.1299
21.3168
21.5043
21.6937
21.8864
22.0837
22.2869
22.4974
22.7166
22.9456
23.1859
23.4385
23.7046
23.985
24.2807
24.5922
24.9203
25.2652
25.6272
26.0066
26.4035
26.8179
27.2499
27.6994
28.1666
28.6516
29.1545
29.6757
30.2155
30.7744
31.3527
31.9506
32.5691
33.2097
33.8755
34.5704
35.2994
36.0682
36.884
37.7535
38.6885
39.6781
40.7216
41.8235
42.9891
44.2241
45.5348
46.9276
48.4088
49.984
51.6579
53.4333
55.3106
57.2865
59.3533
61.4975
63.6981
65.9258
68.1421
70.2983
72.3365
74.1915
75.7934
77.0731
77.9677
78.4269
78.4188
77.9335
76.9847
75.6085
73.8595
71.8053
69.521
67.0823
64.5606
62.0188
59.5092
57.0731
54.7411
52.5347
50.4678
48.5482
46.7789
45.1595
43.6869
42.3561
41.1611
40.0954
39.1522
38.3247
37.6064
36.9908
36.4717
36.0422
35.6947
35.4207
35.2105
35.0538
34.9402
34.8594
34.8023
34.7608
34.7287
34.7009
34.6737
34.6445
34.6115
34.5738
34.5308
34.4823
34.4284
34.3694
34.3057
34.2379
34.1661
34.0907
34.0118
33.9303
33.8475
33.7639
33.6799
33.5959
33.5125
33.4302
33.3492
33.2701
33.1933
33.1192
33.0482
32.9811
32.9185
32.8607
32.8083
32.7614
32.7211
32.6885
32.6649
32.6516
32.6506
32.6638
32.6937
32.743
32.8146
32.9115
33.0368
33.193
53.0904
50.3821
47.8385
45.3378
42.9986
40.9377
39.1911
37.7512
36.5909
35.6733
34.9127
34.2832
33.7648
33.3365
32.9784
32.6732
32.407
32.1691
31.9523
31.7517
31.5643
31.3886
31.2237
31.0691
30.9245
30.7896
30.6639
30.5471
30.4388
30.3385
30.2461
30.1613
30.0841
30.0146
29.9531
29.8999
29.8555
29.8205
29.7956
29.7816
29.7795
29.7904
29.8152
29.8553
29.9119
29.9863
30.08
30.1942
30.3302
30.4892
30.6723
30.8803
31.114
31.374
31.6606
31.9743
32.3152
32.6834
33.0789
33.5019
33.9525
34.4309
34.9375
35.4725
36.0362
36.6288
37.2516
37.9071
38.6
39.3356
40.1218
40.9643
41.8763
42.8546
43.8883
44.9835
46.1433
47.3721
48.6745
50.0558
51.5209
53.0751
54.7227
56.4669
58.3089
60.2475
62.2777
64.3899
66.5686
68.7912
71.0267
73.2353
75.3675
77.3652
79.1636
80.6943
81.8902
82.6912
83.0502
82.9388
82.3499
81.2996
79.8251
77.9811
75.8344
73.4585
70.927
68.3092
65.6662
63.0492
60.4991
58.0467
55.7144
53.5174
51.4648
49.5612
47.8076
46.202
44.7406
43.4183
42.2289
41.166
40.223
39.3932
38.6704
38.0484
37.521
37.0817
36.7236
36.4386
36.218
36.0522
35.9313
35.8457
35.7863
35.7453
35.7158
35.6927
35.6718
35.6503
35.626
35.5976
35.5644
35.526
35.4824
35.4337
35.3804
35.3229
35.2615
35.1967
35.1286
35.0579
34.9848
34.9101
34.8347
34.759
34.6836
34.6089
34.5354
34.4636
34.3937
34.3263
34.2618
34.2004
34.1424
34.0885
34.0395
33.9958
33.9586
33.9287
33.9076
33.8967
33.898
33.9135
33.9457
33.9974
34.0716
34.1715
34.2992
34.4628
83.1453
82.2925
81.3384
80.1947
78.8521
77.3445
75.6906
73.9048
72.0103
70.038
68.0199
65.9901
63.9814
62.0252
60.1483
58.3714
56.7083
55.166
53.7458
52.444
51.2536
50.1653
49.169
48.2546
47.4123
46.6335
45.9107
45.2376
44.6091
44.021
43.4698
42.9528
42.4679
42.0129
41.5864
41.1869
40.8132
40.4644
40.1396
39.8383
39.56
39.3047
39.0725
38.8637
38.6789
38.5189
38.3848
38.2777
38.1988
38.1496
38.1314
38.1456
38.1935
38.2761
38.3947
38.5499
38.7426
38.9734
39.2425
39.5504
39.8974
40.2838
40.7102
41.177
41.6843
42.2327
42.8242
43.4634
44.1581
44.9151
45.7489
46.6601
47.636
48.6787
49.7901
50.9735
52.2322
53.5697
54.9897
56.4959
58.0918
59.78
61.5618
63.4369
65.4018
67.4496
69.5686
71.7416
73.944
76.1437
78.3
80.3635
82.2771
83.9779
85.4007
86.4825
87.1677
87.4138
87.1963
86.511
85.3751
83.8256
81.9152
79.708
77.2736
74.6822
71.9996
69.2845
66.5863
63.9452
61.3924
58.9511
56.6377
54.4631
52.4336
50.5516
48.817
47.2272
45.7781
44.4646
43.2807
42.2202
41.2767
40.4438
39.7156
39.086
38.549
38.0986
37.728
37.4298
37.1961
37.018
36.8864
36.7923
36.727
36.6827
36.6527
36.6314
36.6144
36.5985
36.5812
36.561
36.5367
36.5079
36.4742
36.4359
36.393
36.3459
36.2951
36.2409
36.1836
36.1236
36.0613
35.9973
35.932
35.8661
35.7999
35.734
35.6687
35.6045
35.5417
35.4808
35.4222
35.3663
35.3135
35.2644
35.2195
35.1798
35.1461
35.1194
35.1012
35.0929
35.0966
35.1143
35.1486
35.2024
35.2787
35.3811
35.5108
35.6812
96.4809
96.1886
95.8974
95.5862
95.2335
94.8372
94.39
93.8771
93.2821
92.59
91.7879
90.8648
89.813
88.629
87.3147
85.8775
84.3299
82.6888
80.9748
79.2108
77.4204
75.6269
73.8518
72.1139
70.4287
68.8083
67.261
65.7919
64.4031
63.0944
61.8636
60.7075
59.622
58.6026
57.645
56.7449
55.8982
55.1017
54.3521
53.6468
52.9838
52.3611
51.7774
51.2315
50.7226
50.2504
49.8147
49.4156
49.0535
48.7291
48.4435
48.1976
47.9929
47.8307
47.7125
47.6397
47.6139
47.6362
47.708
47.8303
48.004
48.2303
48.5102
48.8449
49.235
49.6821
50.1917
50.7725
51.4429
52.2064
53.047
53.9634
54.958
56.0326
57.1892
58.4298
59.7565
61.1713
62.6759
64.2717
65.959
67.7369
69.6021
71.549
73.5677
75.6441
77.7582
79.8835
81.9861
84.0244
85.9492
87.7049
89.2319
90.4694
91.3604
91.856
91.9207
91.5359
90.702
89.4389
87.7838
85.7877
83.5112
81.0192
78.3765
75.6439
72.8754
70.1171
67.407
64.7752
62.2449
59.8334
57.5526
55.4104
53.411
51.5558
49.8437
48.2721
46.8369
45.533
44.355
43.2968
42.3525
41.516
40.7816
40.1433
39.5956
39.1324
38.7475
38.4338
38.1841
37.9904
37.8442
37.7373
37.6615
37.6094
37.5744
37.5508
37.534
37.5204
37.5074
37.4928
37.4755
37.4546
37.4296
37.4005
37.3672
37.33
37.2892
37.2451
37.1981
37.1484
37.0964
37.0426
36.9873
36.931
36.874
36.8169
36.76
36.7036
36.6482
36.5942
36.5419
36.4917
36.4442
36.3999
36.3595
36.3236
36.2932
36.2695
36.2538
36.2477
36.2531
36.2722
36.3078
36.3627
36.44
36.5438
36.6742
36.8499
100.019
99.9233
99.8312
99.7338
99.624
99.5073
99.3908
99.2759
99.1609
99.0422
98.9151
98.7731
98.6081
98.4109
98.1717
97.8798
97.5247
97.0959
96.5837
95.9797
95.2775
94.473
93.5652
92.5558
91.4499
90.2556
88.9835
87.6462
86.258
84.8338
83.3887
81.9373
80.4928
79.0675
77.6715
76.3133
74.9993
73.7344
72.5217
71.363
70.2592
69.21
68.2148
67.2726
66.382
65.5419
64.7512
64.009
63.3146
62.6677
62.0684
61.5169
61.014
60.5606
60.1581
59.808
59.512
59.2718
59.0894
58.9667
58.9057
58.9085
58.9776
59.1153
59.3239
59.6091
59.9891
60.4847
61.0748
61.754
62.5246
63.3875
64.3437
65.3942
66.5395
67.7801
69.116
70.5467
72.0708
73.686
75.388
77.1706
79.0245
80.9368
82.8899
84.8607
86.8202
88.7327
90.5558
92.2413
93.7363
94.9857
95.9357
96.5376
96.7518
96.552
95.9279
94.8861
93.4496
91.6561
89.5543
87.1998
84.6511
81.9658
79.1976
76.3941
73.5965
70.8393
68.1505
65.5526
63.0627
60.694
58.4553
56.3524
54.3883
52.5636
50.877
49.3257
47.9059
46.6129
45.4415
44.3862
43.4413
42.6012
41.8603
41.2131
40.6542
40.1776
39.7773
39.4469
39.1795
38.9678
38.8041
38.6808
38.5906
38.5263
38.4817
38.4513
38.4304
38.4151
38.4026
38.3906
38.3774
38.3619
38.3436
38.3219
38.2967
38.2682
38.2365
38.2017
38.1642
38.1242
38.0819
38.0377
37.992
37.9451
37.8972
37.8489
37.8003
37.7519
37.704
37.657
37.6112
37.567
37.525
37.4856
37.4495
37.4175
37.3904
37.3694
37.3559
37.3514
37.3579
37.3778
37.4136
37.4686
37.5459
37.6497
37.78
37.9593
100.907
100.854
100.805
100.758
100.714
100.676
100.65
100.637
100.639
100.654
100.682
100.719
100.766
100.818
100.873
100.928
100.979
101.023
101.055
101.069
101.061
101.024
100.952
100.839
100.677
100.459
100.181
99.8346
99.4166
98.9229
98.3515
97.7018
96.9753
96.1749
95.3054
94.3733
93.3862
92.3529
91.2829
90.186
89.0723
87.9512
86.8321
85.7232
84.6324
83.5661
82.5302
81.5295
80.568
79.649
78.7751
77.9486
77.1714
76.4453
75.7721
75.1536
74.5915
74.0881
73.6456
73.2664
72.9534
72.7098
72.5397
72.4471
72.4366
72.5365
72.7573
73.0763
73.4978
74.0227
74.652
75.3861
76.2252
77.1686
78.2153
79.3633
80.6097
81.9505
83.3801
84.8908
86.4728
88.1128
89.7941
91.4954
93.1908
94.8487
96.4324
97.9002
99.2063
100.303
101.143
101.682
101.882
101.716
101.169
100.239
98.9395
97.2958
95.3445
93.1297
90.7001
88.1052
85.3934
82.6092
79.7927
76.9791
74.1985
71.4763
68.8334
66.287
63.8504
61.5335
59.3435
57.2849
55.3597
53.5683
51.9092
50.3799
48.9769
47.6958
46.5319
45.48
44.5349
43.6914
42.9442
42.288
41.7176
41.2273
40.8113
40.4636
40.1776
39.9465
39.7634
39.6213
39.5134
39.4333
39.3752
39.3336
39.3041
39.2828
39.2666
39.2532
39.2406
39.2274
39.2128
39.1961
39.1769
39.1552
39.131
39.1042
39.075
39.0436
39.0102
38.975
38.9382
38.9001
38.8611
38.8212
38.7809
38.7404
38.6999
38.6599
38.6207
38.5826
38.5461
38.5117
38.4799
38.4517
38.4277
38.4093
38.3976
38.3943
38.4013
38.4211
38.4564
38.5104
38.5865
38.6893
38.8183
38.9994
101.186
101.159
101.136
101.117
101.103
101.097
101.101
101.118
101.148
101.194
101.255
101.33
101.421
101.525
101.642
101.77
101.909
102.057
102.211
102.372
102.536
102.702
102.868
103.031
103.189
103.339
103.478
103.603
103.711
103.797
103.858
103.889
103.887
103.847
103.766
103.64
103.465
103.239
102.96
102.626
102.238
101.796
101.302
100.759
100.17
99.5396
98.8742
98.1794
97.4617
96.728
95.9854
95.241
94.5019
93.775
93.0671
92.3845
91.7336
91.1203
90.5502
90.0291
89.5626
89.1565
88.8171
88.5499
88.3718
88.3053
88.3298
88.4503
88.6701
88.9912
89.415
89.9418
90.5713
91.3016
92.1299
93.0518
94.0612
95.1499
96.3076
97.5211
98.774
100.046
101.315
102.552
103.725
104.799
105.736
106.498
107.044
107.338
107.349
107.053
106.435
105.49
104.224
102.654
100.805
98.7088
96.4013
93.9213
91.3075
88.5971
85.8251
83.0233
80.2208
77.4432
74.7129
72.0497
69.4698
66.987
64.6121
62.3534
60.2166
58.2054
56.3216
54.5654
52.9355
51.4295
50.0443
48.776
47.6202
46.5722
45.6272
44.7804
44.0269
43.3616
42.7794
42.2751
41.8431
41.4776
41.1724
40.9212
40.7176
40.5551
40.4275
40.3289
40.2538
40.1973
40.1552
40.1236
40.0996
40.0805
40.0644
40.0498
40.0355
40.0206
40.0046
39.9872
39.9681
39.9473
39.9248
39.9006
39.8747
39.8473
39.8186
39.7886
39.7576
39.7257
39.6932
39.6603
39.6271
39.594
39.5612
39.5291
39.4981
39.4686
39.4412
39.4165
39.3956
39.3793
39.3691
39.3665
39.3736
39.3926
39.4265
39.4785
39.5523
39.6527
39.7794
39.9604
101.286
101.275
101.268
101.265
101.267
101.278
101.298
101.331
101.377
101.438
101.513
101.603
101.707
101.826
101.959
102.105
102.264
102.435
102.618
102.811
103.014
103.225
103.445
103.672
103.906
104.145
104.388
104.634
104.882
105.131
105.38
105.627
105.87
106.109
106.341
106.565
106.778
106.979
107.166
107.337
107.489
107.62
107.729
107.813
107.871
107.901
107.902
107.874
107.816
107.728
107.612
107.468
107.3
107.109
106.898
106.672
106.436
106.193
105.95
105.712
105.487
105.281
105.102
104.957
104.869
104.81
104.792
104.822
104.906
105.052
105.264
105.545
105.896
106.317
106.806
107.356
107.96
108.607
109.284
109.975
110.66
111.317
111.92
112.443
112.855
113.128
113.232
113.141
112.831
112.283
111.485
110.432
109.125
107.572
105.789
103.794
101.612
99.2669
96.7866
94.1981
91.5285
88.8036
86.0485
83.2865
80.5397
77.8281
75.1697
72.5806
70.0745
67.6628
65.3549
63.1579
61.0768
59.1149
57.2739
55.554
53.954
52.472
51.1052
49.85
48.7026
47.6588
46.714
45.8639
45.1038
44.429
43.8347
43.3158
42.8672
42.4833
42.1583
41.8863
41.6613
41.4772
41.3284
41.2093
41.1149
41.0407
40.9826
40.9371
40.9012
40.8725
40.8489
40.8287
40.8108
40.7941
40.7779
40.7617
40.745
40.7277
40.7095
40.6904
40.6702
40.6491
40.627
40.6039
40.58
40.5552
40.5298
40.5038
40.4774
40.4508
40.4242
40.3978
40.3721
40.3473
40.3239
40.3027
40.2845
40.2702
40.2611
40.2587
40.2651
40.2826
40.3142
40.3632
40.4336
40.5303
40.6536
40.8325
101.321
101.321
101.325
101.333
101.347
101.369
101.4
101.442
101.496
101.563
101.645
101.739
101.848
101.971
102.108
102.258
102.421
102.596
102.784
102.983
103.194
103.415
103.646
103.887
104.136
104.395
104.661
104.934
105.214
105.5
105.792
106.09
106.391
106.697
107.006
107.318
107.631
107.947
108.263
108.579
108.894
109.207
109.518
109.826
110.13
110.429
110.722
111.008
111.288
111.559
111.822
112.077
112.322
112.559
112.788
113.009
113.224
113.433
113.639
113.844
114.051
114.263
114.487
114.731
114.971
115.206
115.439
115.67
115.903
116.141
116.385
116.637
116.898
117.166
117.44
117.713
117.98
118.231
118.455
118.639
118.766
118.82
118.782
118.635
118.36
117.939
117.357
116.602
115.664
114.537
113.221
111.716
110.028
108.167
106.144
103.973
101.672
99.2562
96.7458
94.1599
91.5185
88.8416
86.1487
83.4592
80.7912
78.1616
75.586
73.0783
70.6504
68.3126
66.0731
63.9384
61.9132
60.0005
58.202
56.5179
54.9477
53.4895
52.1409
50.8988
49.7598
48.72
47.7754
46.9219
46.1552
45.4709
44.8644
44.3309
43.8655
43.4631
43.1182
42.8253
42.5787
42.3729
42.2025
42.0624
41.9479
41.8547
41.7791
41.7177
41.6677
41.6268
41.5929
41.5645
41.5402
41.519
41.5
41.4826
41.4662
41.4504
41.435
41.4196
41.4042
41.3884
41.3724
41.3559
41.3388
41.3213
41.3033
41.2847
41.2657
41.2463
41.2267
41.207
41.1874
41.1683
41.1501
41.1334
41.1188
41.1072
41.1
41.0984
41.1046
41.1207
41.1499
41.1956
41.262
41.3544
41.4737
41.649
101.339
101.349
101.362
101.379
101.401
101.432
101.47
101.519
101.58
101.652
101.737
101.835
101.946
102.071
102.208
102.359
102.522
102.698
102.886
103.086
103.297
103.519
103.752
103.995
104.248
104.51
104.782
105.062
105.35
105.647
105.952
106.264
106.583
106.909
107.241
107.58
107.925
108.275
108.631
108.992
109.359
109.729
110.105
110.484
110.867
111.254
111.643
112.036
112.431
112.829
113.228
113.629
114.032
114.435
114.84
115.246
115.652
116.059
116.467
116.877
117.288
117.702
118.114
118.52
118.917
119.305
119.683
120.047
120.396
120.726
121.036
121.32
121.577
121.802
121.989
122.134
122.23
122.269
122.243
122.143
121.959
121.68
121.298
120.8
120.177
119.42
118.522
117.477
116.28
114.928
113.423
111.767
109.964
108.02
105.946
103.751
101.449
99.054
96.5809
94.0464
91.4676
88.8617
86.246
83.6375
81.0523
78.5056
76.0112
73.5818
71.2282
68.9597
66.7841
64.7072
62.7337
60.8664
59.107
57.4561
55.9132
54.4769
53.145
51.9149
50.7834
49.747
48.8022
47.945
47.1714
46.4772
45.8582
45.3099
44.8276
44.4065
44.0415
43.7275
43.4592
43.2315
43.0394
42.878
42.7429
42.6302
42.5361
42.4576
42.3921
42.3372
42.2911
42.2521
42.219
42.1907
42.1662
42.145
42.1263
42.1096
42.0947
42.081
42.0682
42.0562
42.0446
42.0333
42.0221
42.0109
41.9994
41.9877
41.9756
41.9632
41.9504
41.9373
41.9241
41.9108
41.8979
41.8857
41.8748
41.8661
41.8606
41.8597
41.8652
41.8794
41.9053
41.9466
42.0075
42.0939
42.2078
42.377
101.353
101.372
101.394
101.419
101.451
101.489
101.536
101.592
101.658
101.735
101.823
101.924
102.036
102.161
102.299
102.449
102.611
102.785
102.971
103.168
103.376
103.596
103.826
104.067
104.318
104.578
104.848
105.128
105.416
105.714
106.019
106.334
106.656
106.986
107.324
107.67
108.023
108.383
108.751
109.125
109.506
109.894
110.288
110.689
111.096
111.508
111.927
112.351
112.78
113.214
113.653
114.096
114.543
114.993
115.447
115.903
116.361
116.82
117.281
117.741
118.198
118.652
119.099
119.539
119.968
120.386
120.79
121.176
121.541
121.881
122.192
122.469
122.707
122.9
123.043
123.129
123.153
123.106
122.982
122.774
122.473
122.072
121.564
120.943
120.2
119.331
118.331
117.196
115.924
114.513
112.965
111.282
109.469
107.532
105.478
103.318
101.063
98.7259
96.3201
93.8607
91.363
88.8426
86.3151
83.7958
81.2994
78.8397
76.4294
74.0801
71.8018
69.6031
67.4913
65.472
63.5496
61.7271
60.0063
58.3879
56.8716
55.4564
54.1404
52.9214
51.7965
50.7627
49.8165
48.9544
48.1726
47.4672
46.8343
46.2695
45.7686
45.3271
44.9402
44.6032
44.3113
44.0597
43.8437
43.659
43.5013
43.3668
43.2522
43.1545
43.071
42.9997
42.9386
42.8862
42.8412
42.8026
42.7695
42.741
42.7166
42.6957
42.6778
42.6624
42.6492
42.6377
42.6276
42.6187
42.6105
42.6029
42.5956
42.5884
42.5811
42.5735
42.5655
42.5571
42.5483
42.5391
42.5297
42.5203
42.5115
42.5039
42.4983
42.496
42.4987
42.5087
42.5287
42.5627
42.6152
42.6923
42.7973
42.9557
101.366
101.394
101.425
101.459
101.5
101.546
101.601
101.663
101.735
101.817
101.909
102.012
102.126
102.251
102.388
102.537
102.697
102.868
103.051
103.245
103.449
103.664
103.89
104.126
104.372
104.628
104.893
105.168
105.452
105.745
106.046
106.357
106.675
107.003
107.338
107.681
108.033
108.392
108.759
109.133
109.515
109.904
110.3
110.704
111.114
111.53
111.953
112.382
112.816
113.256
113.701
114.151
114.604
115.061
115.521
115.983
116.446
116.909
117.371
117.831
118.286
118.736
119.178
119.61
120.03
120.436
120.824
121.193
121.538
121.854
122.139
122.385
122.59
122.747
122.85
122.893
122.87
122.775
122.6
122.34
121.987
121.535
120.979
120.311
119.527
118.623
117.594
116.438
115.154
113.742
112.202
110.538
108.755
106.857
104.854
102.753
100.566
98.3046
95.9808
93.6086
91.2019
88.7749
86.342
83.917
81.5133
79.1438
76.82
74.5525
72.3509
70.2231
68.176
66.215
64.3445
62.5673
60.8854
59.2998
57.8105
56.4167
55.1167
53.9088
52.7904
51.7588
50.8108
49.9432
49.1525
48.4351
47.7872
47.2049
46.6841
46.2206
45.8102
45.4485
45.1311
44.8536
44.6118
44.4015
44.2189
44.0605
43.923
43.8036
43.6998
43.6096
43.531
43.4626
43.4031
43.3515
43.3067
43.2681
43.235
43.2066
43.1826
43.1624
43.1455
43.1314
43.1198
43.1102
43.1022
43.0954
43.0895
43.0842
43.0791
43.0739
43.0684
43.0625
43.0559
43.0486
43.0405
43.0319
43.023
43.0143
43.0064
43.0004
42.9978
43.0007
43.0119
43.0353
43.0757
43.1393
43.2315
43.3732
101.382
101.42
101.46
101.503
101.552
101.607
101.669
101.738
101.816
101.902
101.998
102.104
102.219
102.346
102.482
102.63
102.788
102.956
103.135
103.325
103.525
103.735
103.955
104.185
104.425
104.674
104.933
105.2
105.477
105.763
106.058
106.361
106.673
106.993
107.321
107.657
108.002
108.354
108.714
109.082
109.457
109.839
110.229
110.626
111.029
111.439
111.855
112.277
112.705
113.138
113.575
114.017
114.462
114.91
115.36
115.811
116.263
116.713
117.161
117.606
118.045
118.476
118.899
119.31
119.707
120.088
120.45
120.79
121.103
121.387
121.637
121.848
122.015
122.133
122.197
122.2
122.138
122.003
121.79
121.493
121.106
120.622
120.038
119.347
118.545
117.629
116.595
115.442
114.168
112.775
111.263
109.637
107.899
106.057
104.117
102.088
99.9796
97.8026
95.5687
93.2904
90.9803
88.6515
86.317
83.9895
81.6813
79.4041
77.1686
74.9847
72.8612
70.8056
68.8245
66.9231
65.1054
63.3747
61.7329
60.1811
58.7196
57.3478
56.0646
54.8682
53.7566
52.7273
51.7776
50.9043
50.1044
49.3743
48.7107
48.11
47.5682
47.0817
46.6465
46.2586
45.914
45.6088
45.339
45.101
44.8912
44.7064
44.5435
44.3999
44.2733
44.1616
44.063
43.976
43.8995
43.8321
43.7731
43.7217
43.677
43.6385
43.6055
43.5775
43.554
43.5344
43.5183
43.5051
43.4943
43.4855
43.4782
43.472
43.4663
43.4609
43.4553
43.4492
43.4423
43.4344
43.4252
43.4149
43.4033
43.3909
43.3779
43.3654
43.3544
43.3469
43.3456
43.3542
43.3779
43.4232
43.4974
43.615
101.407
101.454
101.502
101.554
101.611
101.674
101.743
101.819
101.903
101.994
102.094
102.203
102.32
102.448
102.584
102.731
102.887
103.052
103.228
103.414
103.609
103.813
104.028
104.251
104.484
104.726
104.977
105.237
105.506
105.783
106.068
106.363
106.665
106.975
107.294
107.62
107.955
108.297
108.646
109.003
109.367
109.738
110.116
110.501
110.892
111.289
111.692
112.101
112.514
112.933
113.355
113.781
114.21
114.641
115.073
115.505
115.936
116.366
116.791
117.212
117.627
118.033
118.428
118.81
119.178
119.527
119.856
120.162
120.44
120.687
120.898
121.07
121.198
121.277
121.301
121.265
121.165
120.994
120.747
120.418
120.002
119.495
118.89
118.185
117.375
116.456
115.428
114.288
113.035
111.672
110.198
108.618
106.936
105.157
103.289
101.338
99.3139
97.227
95.0876
92.9069
90.6968
88.4689
86.2351
84.007
81.7959
79.6125
77.4667
75.3676
73.3234
71.3413
69.4274
67.5867
65.8233
64.1402
62.5395
61.0226
59.5899
58.2411
56.9753
55.7912
54.6868
53.6602
52.7086
51.8296
51.02
50.2769
49.5969
48.9769
48.4132
47.9025
47.4412
47.0258
46.6525
46.3178
46.0182
45.7504
45.5112
45.2976
45.1069
44.9365
44.7845
44.6486
44.5274
44.4193
44.323
44.2374
44.1616
44.0947
44.0359
43.9846
43.94
43.9016
43.8688
43.8409
43.8175
43.7978
43.7815
43.7678
43.7562
43.7461
43.7371
43.7285
43.7199
43.7108
43.7007
43.6893
43.6761
43.6609
43.6437
43.6243
43.603
43.5803
43.5571
43.535
43.5165
43.5052
43.5064
43.5268
43.5764
43.6605
101.444
101.5
101.556
101.616
101.681
101.752
101.828
101.911
102
102.096
102.2
102.312
102.431
102.56
102.696
102.842
102.996
103.16
103.332
103.514
103.704
103.903
104.112
104.329
104.554
104.789
105.032
105.283
105.543
105.811
106.087
106.371
106.663
106.962
107.269
107.584
107.906
108.236
108.572
108.916
109.266
109.623
109.986
110.355
110.73
111.111
111.497
111.888
112.283
112.682
113.084
113.489
113.896
114.304
114.712
115.12
115.525
115.927
116.325
116.717
117.101
117.475
117.837
118.186
118.518
118.831
119.122
119.389
119.627
119.833
120.004
120.135
120.221
120.259
120.243
120.168
120.031
119.825
119.545
119.188
118.747
118.219
117.6
116.885
116.072
115.158
114.141
113.019
111.794
110.466
109.037
107.509
105.888
104.177
102.383
100.515
98.5787
96.5845
94.5418
92.4608
90.352
88.2261
86.094
83.9661
81.8528
79.7638
77.7083
75.6947
73.7306
71.8227
69.9768
68.1978
66.4895
64.855
63.2966
61.8155
60.4125
59.0874
57.8396
56.668
55.5711
54.5471
53.5936
52.7083
51.8886
51.1316
50.4344
49.794
49.2073
48.6712
48.1824
47.7379
47.3342
46.9684
46.6371
46.3375
46.0668
45.8221
45.6012
45.4017
45.2216
45.0592
44.9127
44.7808
44.6622
44.5559
44.4607
44.3758
44.3004
44.2337
44.175
44.1237
44.0789
44.0402
44.0067
43.9779
43.9531
43.9316
43.9127
43.8959
43.8803
43.8655
43.8506
43.8351
43.8185
43.8
43.7791
43.7554
43.7286
43.6982
43.6642
43.6267
43.5864
43.5443
43.5025
43.4644
43.4354
43.4222
43.438
43.4755
101.496
101.561
101.625
101.692
101.765
101.843
101.926
102.014
102.109
102.209
102.317
102.432
102.554
102.683
102.82
102.965
103.118
103.279
103.449
103.626
103.812
104.006
104.208
104.419
104.637
104.864
105.099
105.341
105.592
105.85
106.116
106.389
106.669
106.957
107.252
107.555
107.864
108.179
108.502
108.83
109.165
109.506
109.852
110.204
110.561
110.923
111.289
111.659
112.033
112.409
112.788
113.169
113.55
113.932
114.312
114.691
115.066
115.437
115.802
116.16
116.509
116.848
117.173
117.483
117.775
118.048
118.298
118.522
118.718
118.881
119.008
119.095
119.139
119.135
119.078
118.964
118.79
118.55
118.239
117.855
117.391
116.846
116.214
115.493
114.68
113.773
112.771
111.673
110.478
109.189
107.807
106.334
104.775
103.135
101.418
99.6328
97.7854
95.8844
93.9384
91.9567
89.9489
87.9244
85.8932
83.8649
81.8486
79.8535
77.8878
75.9593
74.0752
72.2416
70.464
68.747
67.0943
65.5088
63.9929
62.5481
61.175
59.8737
58.644
57.4848
56.395
55.373
54.4168
53.5242
52.6931
51.9208
51.2048
50.5424
49.9308
49.3674
48.8493
48.3737
47.9377
47.5386
47.1736
46.8401
46.5355
46.2577
46.0042
45.7732
45.5628
45.3713
45.1972
45.0391
44.8958
44.7663
44.6493
44.5441
44.4496
44.3652
44.29
44.2231
44.1639
44.1116
44.0654
44.0245
43.9883
43.9559
43.9265
43.8994
43.8738
43.8489
43.8239
43.7979
43.7703
43.7403
43.7071
43.6699
43.6282
43.5813
43.5287
43.4702
43.4059
43.3362
43.2628
43.1885
43.1185
43.0595
43.0284
43.0011
101.566
101.639
101.71
101.785
101.864
101.948
102.037
102.131
102.231
102.336
102.447
102.564
102.688
102.819
102.957
103.101
103.253
103.412
103.578
103.752
103.934
104.123
104.319
104.523
104.734
104.953
105.179
105.413
105.654
105.902
106.157
106.419
106.688
106.964
107.246
107.535
107.83
108.131
108.438
108.751
109.07
109.393
109.722
110.055
110.392
110.734
111.079
111.426
111.777
112.129
112.483
112.837
113.19
113.543
113.893
114.241
114.584
114.921
115.251
115.573
115.885
116.184
116.469
116.739
116.989
117.219
117.426
117.606
117.757
117.875
117.957
118
118
117.953
117.856
117.703
117.492
117.219
116.878
116.468
115.983
115.421
114.779
114.053
113.243
112.345
111.359
110.285
109.122
107.873
106.538
105.12
103.624
102.052
100.412
98.7077
96.9468
95.1366
93.2847
91.3996
89.4898
87.5639
85.6309
83.6993
81.7777
79.8741
77.9963
76.1513
74.3456
72.5851
70.8748
69.2189
67.6211
66.0842
64.6103
63.2009
61.857
60.5786
59.3657
58.2176
57.1333
56.1114
55.1503
54.2481
53.4029
52.6126
51.8749
51.1875
50.5481
49.9543
49.4038
48.8942
48.4229
47.9877
47.5861
47.216
46.8751
46.5614
46.2731
46.0082
45.7651
45.5422
45.3382
45.1518
44.9816
44.8266
44.6857
44.5579
44.4421
44.3376
44.2434
44.1585
44.0822
44.0135
43.9515
43.8954
43.8443
43.7972
43.7533
43.7117
43.6713
43.6314
43.5909
43.5489
43.5044
43.4564
43.4041
43.3463
43.2822
43.2109
43.1312
43.0427
42.9445
42.8368
42.7201
42.5966
42.4708
42.3494
42.2536
42.1377
101.657
101.736
101.814
101.895
101.981
102.07
102.165
102.264
102.367
102.476
102.591
102.711
102.837
102.968
103.106
103.25
103.401
103.558
103.722
103.892
104.07
104.254
104.444
104.642
104.846
105.058
105.276
105.5
105.732
105.97
106.214
106.465
106.722
106.985
107.255
107.53
107.81
108.097
108.388
108.685
108.986
109.292
109.602
109.915
110.232
110.553
110.875
111.2
111.526
111.853
112.18
112.507
112.832
113.155
113.474
113.79
114.099
114.402
114.696
114.981
115.254
115.514
115.758
115.986
116.194
116.381
116.544
116.679
116.785
116.859
116.897
116.896
116.853
116.764
116.626
116.436
116.19
115.884
115.515
115.079
114.574
113.997
113.345
112.616
111.807
110.919
109.949
108.897
107.765
106.553
105.262
103.897
102.459
100.952
99.3825
97.7546
96.0747
94.3493
92.5857
90.791
88.9732
87.1401
85.2995
83.4594
81.6273
79.8107
78.0163
76.2509
74.5201
72.8294
71.1833
69.5858
68.0401
66.5489
65.1142
63.7375
62.4196
61.1608
59.9611
58.8201
57.7369
56.7105
55.7395
54.8226
53.958
53.1441
52.3791
51.661
50.9881
50.3585
49.7703
49.2215
48.7101
48.2342
47.7918
47.381
47.0001
46.6472
46.3207
46.0189
45.7404
45.4837
45.2474
45.0302
44.8309
44.6483
44.4811
44.3284
44.1889
44.0617
43.9457
43.8398
43.7429
43.6541
43.5723
43.4965
43.4255
43.3584
43.2941
43.2315
43.1696
43.1071
43.0432
42.9766
42.9062
42.8309
42.7494
42.6607
42.5634
42.4562
42.3378
42.2069
42.0623
41.9031
41.7291
41.5412
41.3433
41.1414
40.9621
40.734
101.764
101.849
101.932
102.018
102.108
102.203
102.302
102.405
102.512
102.625
102.742
102.864
102.992
103.124
103.263
103.407
103.557
103.712
103.874
104.041
104.215
104.395
104.581
104.773
104.971
105.176
105.387
105.604
105.826
106.055
106.29
106.53
106.777
107.028
107.285
107.548
107.815
108.087
108.364
108.645
108.93
109.219
109.511
109.806
110.104
110.404
110.705
111.008
111.311
111.614
111.916
112.217
112.515
112.809
113.099
113.383
113.661
113.93
114.191
114.44
114.676
114.899
115.105
115.293
115.461
115.606
115.727
115.821
115.884
115.915
115.911
115.868
115.784
115.656
115.48
115.253
114.972
114.635
114.237
113.777
113.251
112.658
111.994
111.258
110.449
109.565
108.607
107.573
106.464
105.283
104.029
102.707
101.318
99.867
98.3579
96.7958
95.1861
93.5348
91.8483
90.1334
88.397
86.6462
84.888
83.1296
81.3778
79.639
77.9197
76.2255
74.5617
72.933
71.3435
69.7967
68.2955
66.8422
65.4386
64.086
62.7852
61.5365
60.3402
59.1959
58.1031
57.061
56.0686
55.1251
54.2293
53.3798
52.5756
51.8153
51.0976
50.4213
49.7849
49.1871
48.6262
48.101
47.6097
47.151
46.7232
46.325
45.9547
45.6109
45.2922
44.9971
44.7242
44.4721
44.2394
44.0249
43.8271
43.6448
43.4767
43.3214
43.1776
43.0442
42.9198
42.8031
42.6931
42.5883
42.4877
42.3899
42.2939
42.1984
42.1023
42.0044
41.9036
41.7985
41.6882
41.5713
41.4467
41.3129
41.1685
41.0122
40.8422
40.6569
40.4545
40.2334
39.9924
39.7314
39.4533
39.163
38.8935
38.5424
101.875
101.965
102.052
102.142
102.236
102.334
102.437
102.543
102.653
102.768
102.887
103.011
103.14
103.273
103.412
103.556
103.705
103.86
104.02
104.185
104.356
104.533
104.715
104.903
105.097
105.296
105.501
105.712
105.928
106.149
106.376
106.608
106.846
107.088
107.335
107.587
107.844
108.104
108.369
108.637
108.909
109.184
109.462
109.741
110.023
110.306
110.591
110.875
111.159
111.442
111.723
112.002
112.277
112.548
112.813
113.072
113.323
113.565
113.797
114.016
114.223
114.414
114.588
114.743
114.877
114.988
115.074
115.132
115.16
115.155
115.115
115.036
114.917
114.755
114.546
114.287
113.976
113.61
113.187
112.704
112.158
111.547
110.87
110.125
109.311
108.427
107.473
106.449
105.355
104.193
102.964
101.672
100.318
98.9066
97.4419
95.9283
94.3709
92.7752
91.1471
89.4926
87.8181
86.1299
84.4345
82.7381
81.0468
79.3664
77.7023
76.0596
74.4429
72.8562
71.3031
69.7864
68.3086
66.8716
65.4771
64.126
62.819
61.5566
60.3392
59.1667
58.0389
56.9554
55.916
54.9202
53.9676
53.0576
52.1898
51.3636
50.5784
49.8337
49.1287
48.4626
47.8344
47.2431
46.6876
46.1666
45.6788
45.2229
44.7974
44.4007
44.0314
43.6879
43.3685
43.0716
42.7955
42.5386
42.2992
42.0757
41.8666
41.6701
41.4848
41.3093
41.1422
40.982
40.8275
40.6774
40.5307
40.3862
40.2428
40.0994
39.9551
39.8089
39.6598
39.5067
39.3487
39.1846
39.0132
38.8333
38.6435
38.4423
38.2277
37.9978
37.7502
37.4827
37.1928
36.879
36.5425
36.1859
35.8497
35.396
101.983
102.076
102.166
102.259
102.356
102.457
102.562
102.67
102.783
102.899
103.02
103.146
103.275
103.41
103.549
103.693
103.842
103.995
104.154
104.318
104.487
104.662
104.841
105.026
105.216
105.412
105.612
105.818
106.029
106.245
106.466
106.692
106.922
107.157
107.397
107.641
107.888
108.14
108.395
108.654
108.915
109.179
109.445
109.713
109.982
110.252
110.523
110.793
111.062
111.329
111.594
111.856
112.113
112.366
112.612
112.851
113.081
113.302
113.512
113.709
113.891
114.058
114.207
114.337
114.445
114.53
114.588
114.619
114.62
114.588
114.52
114.415
114.269
114.08
113.845
113.562
113.228
112.84
112.396
111.895
111.332
110.708
110.02
109.267
108.447
107.561
106.608
105.588
104.503
103.352
102.139
100.866
99.5343
98.1486
96.7123
95.2298
93.7058
92.1453
90.5537
88.9366
87.2997
85.6487
83.9893
82.3271
80.6673
79.0149
77.3749
75.7514
74.1483
72.569
71.0164
69.4929
68.0005
66.5409
65.1152
63.7246
62.3697
61.0513
59.77
58.5262
57.3204
56.153
55.0244
53.9352
52.8857
51.8766
50.908
49.9805
49.0942
48.2494
47.446
46.6837
45.962
45.2802
44.6374
44.0326
43.4644
42.9314
42.432
41.9647
41.5275
41.1186
40.7363
40.3785
40.0435
39.7294
39.4344
39.1569
38.8951
38.6477
38.4132
38.1905
37.9784
37.7758
37.5818
37.3954
37.2157
37.0418
36.8727
36.7075
36.5453
36.3849
36.2253
36.0654
35.9038
35.7393
35.5705
35.3958
35.2134
35.0214
34.8176
34.5993
34.3636
34.1072
33.8264
33.5179
33.1809
32.8137
32.4634
31.9581
102.09
102.185
102.277
102.372
102.471
102.574
102.681
102.791
102.905
103.022
103.144
103.27
103.401
103.535
103.674
103.818
103.966
104.119
104.277
104.44
104.607
104.78
104.957
105.139
105.326
105.518
105.715
105.917
106.124
106.335
106.551
106.772
106.997
107.226
107.459
107.697
107.937
108.182
108.429
108.68
108.932
109.188
109.444
109.703
109.962
110.221
110.481
110.739
110.997
111.252
111.504
111.752
111.995
112.233
112.465
112.688
112.902
113.107
113.299
113.478
113.643
113.791
113.921
114.03
114.119
114.183
114.221
114.23
114.21
114.156
114.068
113.941
113.774
113.565
113.31
113.008
112.656
112.25
111.791
111.274
110.698
110.062
109.364
108.602
107.777
106.886
105.931
104.912
103.828
102.683
101.476
100.211
98.8901
97.5162
96.0931
94.6245
93.1149
91.5687
89.9909
88.3863
86.7601
85.1171
83.4624
81.8006
80.1364
78.4737
76.8167
75.1688
73.5332
71.9125
70.3091
68.7249
67.1618
65.621
64.104
62.612
61.146
59.7076
58.298
56.9188
55.5715
54.2577
52.9791
51.7376
50.5348
49.3726
48.2523
47.1754
46.143
45.1562
44.2155
43.3211
42.4731
41.6708
40.9138
40.2011
39.5316
38.9039
38.3165
37.768
37.2566
36.7807
36.3384
35.928
35.5477
35.1954
34.8695
34.5682
34.2903
34.0344
33.7992
33.5827
33.3843
33.2033
33.0383
32.8876
32.749
32.621
32.5022
32.391
32.2857
32.1844
32.0853
31.9868
31.8872
31.7848
31.6778
31.5644
31.4425
31.3098
31.1639
31.0016
30.8197
30.614
30.3801
30.113
29.8098
29.4634
29.1263
28.5926
102.19
102.286
102.38
102.476
102.577
102.681
102.789
102.9
103.015
103.133
103.256
103.382
103.513
103.647
103.786
103.929
104.077
104.229
104.385
104.546
104.712
104.882
105.057
105.237
105.421
105.61
105.804
106.002
106.205
106.412
106.623
106.839
107.059
107.283
107.511
107.742
107.977
108.215
108.456
108.7
108.945
109.193
109.442
109.692
109.943
110.194
110.444
110.693
110.94
111.185
111.427
111.664
111.896
112.122
112.342
112.552
112.754
112.945
113.123
113.288
113.438
113.571
113.686
113.78
113.852
113.899
113.921
113.914
113.876
113.806
113.7
113.556
113.372
113.146
112.875
112.556
112.188
111.768
111.293
110.763
110.174
109.526
108.816
108.044
107.209
106.31
105.348
104.321
103.232
102.081
100.87
99.6
98.274
96.8946
95.4649
93.9882
92.4683
90.909
89.3145
87.6889
86.0363
84.361
82.6668
80.9575
79.2366
77.5075
75.7732
74.0365
72.2999
70.5655
68.8356
67.112
65.3966
63.6915
61.9988
60.3208
58.6599
57.0189
55.4012
53.81
52.2486
50.7208
49.2301
47.7801
46.3743
45.016
43.708
42.4531
41.2535
40.1112
39.0276
38.0037
37.0401
36.1368
35.2936
34.5098
33.7844
33.1161
32.5032
31.9436
31.4352
30.9753
30.5606
30.1885
29.8563
29.5559
29.2883
29.0533
28.8497
28.6758
28.5293
28.4087
28.3107
28.2319
28.1699
28.1223
28.0878
28.0639
28.0483
28.0387
28.0323
28.0257
28.0178
28.0072
27.9922
27.9713
27.9428
27.9049
27.8556
27.7926
27.7132
27.6145
27.4928
27.3437
27.1619
26.9413
26.6768
26.3554
26.0335
25.4671
102.282
102.378
102.472
102.568
102.669
102.773
102.88
102.991
103.106
103.224
103.346
103.472
103.602
103.735
103.873
104.015
104.161
104.311
104.466
104.625
104.789
104.956
105.129
105.306
105.487
105.673
105.863
106.057
106.256
106.459
106.667
106.878
107.093
107.312
107.535
107.761
107.99
108.222
108.457
108.694
108.933
109.174
109.416
109.659
109.902
110.145
110.387
110.628
110.867
111.102
111.334
111.562
111.784
112
112.209
112.409
112.599
112.778
112.944
113.097
113.234
113.354
113.455
113.535
113.593
113.626
113.633
113.611
113.558
113.472
113.35
113.19
112.99
112.748
112.46
112.125
111.74
111.304
110.813
110.265
109.66
108.995
108.269
107.48
106.628
105.711
104.73
103.684
102.574
101.401
100.165
98.8682
97.5121
96.0987
94.6306
93.1101
91.5402
89.9237
88.2637
86.5633
84.8256
83.0535
81.2501
79.4182
77.5604
75.6795
73.7779
71.8584
69.9237
67.9765
66.0198
64.0569
62.0915
60.1275
58.1696
56.2225
54.2916
52.3827
50.5019
48.6555
46.8496
45.0907
43.3847
41.7374
40.1544
38.6403
37.1997
35.836
34.5521
33.3502
32.2315
31.1962
30.2439
29.3734
28.5825
27.8686
27.2287
26.6589
26.1552
25.7127
25.3268
24.9913
24.6982
24.4485
24.2411
24.08
23.9582
23.8701
23.811
23.7769
23.7643
23.7703
23.792
23.827
23.8727
23.9272
23.9886
24.055
24.1247
24.1962
24.269
24.3427
24.4133
24.4775
24.534
24.5815
24.6183
24.6428
24.653
24.6468
24.6215
24.5741
24.5007
24.3968
24.2566
24.0726
23.8383
23.5335
23.2181
22.6017
102.347
102.443
102.537
102.634
102.734
102.838
102.945
103.056
103.17
103.287
103.408
103.533
103.661
103.793
103.928
104.068
104.212
104.36
104.512
104.668
104.828
104.992
105.161
105.334
105.512
105.693
105.879
106.069
106.263
106.462
106.664
106.87
107.08
107.293
107.51
107.73
107.953
108.178
108.406
108.637
108.869
109.102
109.336
109.571
109.806
110.041
110.274
110.506
110.735
110.961
111.183
111.401
111.613
111.818
112.015
112.203
112.381
112.548
112.702
112.841
112.965
113.071
113.157
113.223
113.265
113.282
113.272
113.233
113.162
113.058
112.917
112.738
112.518
112.255
111.946
111.589
111.181
110.721
110.205
109.631
108.998
108.303
107.546
106.723
105.835
104.879
103.855
102.763
101.602
100.372
99.0733
97.7068
96.2731
94.7732
93.2085
91.5802
89.8903
88.1404
86.3325
84.4688
82.5516
80.5833
78.5664
76.5039
74.3988
72.2547
70.0755
67.8657
65.6302
63.3748
61.1057
58.8296
56.5543
54.2877
52.0386
49.8159
47.6287
45.4866
43.399
41.3751
39.4232
37.5515
35.7671
34.0761
32.4835
30.9929
29.6068
28.3262
27.151
26.0796
25.1096
24.2375
23.4591
22.7696
22.1638
21.6364
21.1816
20.7932
20.4657
20.1885
19.9596
19.7806
19.6532
19.5692
19.5223
19.5081
19.5225
19.5617
19.6223
19.701
19.7946
19.9007
20.0166
20.1403
20.2696
20.4027
20.538
20.6739
20.8088
20.9416
21.071
21.1962
21.317
21.4316
21.5363
21.6299
21.7108
21.7773
21.8276
21.8594
21.8701
21.8567
21.8153
21.741
21.6278
21.467
21.2507
20.9517
20.6322
19.9455
102.384
102.477
102.567
102.66
102.758
102.86
102.964
103.072
103.184
103.298
103.416
103.537
103.662
103.791
103.923
104.059
104.199
104.343
104.49
104.642
104.797
104.956
105.12
105.288
105.459
105.635
105.814
105.998
106.185
106.376
106.571
106.77
106.972
107.177
107.385
107.596
107.81
108.026
108.245
108.465
108.687
108.91
109.133
109.357
109.58
109.803
110.024
110.243
110.459
110.672
110.88
111.083
111.28
111.469
111.651
111.823
111.984
112.133
112.269
112.389
112.493
112.578
112.644
112.687
112.706
112.7
112.665
112.599
112.501
112.367
112.196
111.985
111.731
111.432
111.085
110.687
110.237
109.73
109.164
108.537
107.846
107.09
106.264
105.368
104.399
103.356
102.236
101.038
99.7615
98.4048
96.9674
95.4487
93.8485
92.167
90.4047
88.5622
86.6409
84.6425
82.569
80.4234
78.2088
75.9294
73.5898
71.1956
68.7531
66.2694
63.7527
61.212
58.657
56.0983
53.5469
51.0145
48.5129
46.0542
43.6504
41.3131
39.0531
36.8808
34.8055
32.8353
30.9766
29.2343
27.6117
26.1105
24.7307
23.4709
22.3282
21.2988
20.3781
19.5606
18.8403
18.2113
17.6673
17.202
16.8093
16.4826
16.2161
15.9998
15.8318
15.717
15.6495
15.6224
15.6313
15.672
15.7402
15.8321
15.9442
16.0738
16.218
16.3744
16.5404
16.714
16.893
17.0756
17.2599
17.4445
17.6278
17.8085
17.9852
18.1567
18.3219
18.4798
18.6296
18.7714
18.9024
19.0212
19.1261
19.2154
19.2871
19.3391
19.3688
19.3731
19.348
19.2887
19.1886
19.0386
18.8291
18.5268
18.1948
17.4193
102.349
102.438
102.526
102.617
102.711
102.808
102.908
103.011
103.116
103.224
103.334
103.448
103.565
103.685
103.809
103.935
104.066
104.199
104.336
104.477
104.621
104.769
104.921
105.076
105.235
105.398
105.564
105.734
105.907
106.084
106.263
106.446
106.632
106.821
107.013
107.207
107.403
107.601
107.8
108.001
108.203
108.406
108.608
108.81
109.011
109.211
109.409
109.603
109.794
109.981
110.163
110.338
110.506
110.666
110.817
110.957
111.085
111.2
111.3
111.383
111.448
111.493
111.516
111.514
111.487
111.431
111.344
111.223
111.067
110.871
110.635
110.354
110.026
109.648
109.217
108.729
108.181
107.57
106.892
106.145
105.325
104.428
103.453
102.395
101.252
100.021
98.7005
97.2879
95.7815
94.1801
92.4829
90.6897
88.8005
86.8166
84.7395
82.5718
80.3168
77.9788
75.5631
73.076
70.5248
67.9177
65.264
62.574
59.8586
57.13
54.4005
51.6832
48.9914
46.3386
43.7379
41.2023
38.7439
36.3741
34.1031
31.9399
29.8914
27.9639
26.1618
24.4874
22.9415
21.5233
20.2307
19.06
18.0068
17.0657
16.2308
15.4957
14.854
14.2991
13.8243
13.4238
13.0913
12.821
12.6069
12.4416
12.321
12.2495
12.2208
12.2302
12.2734
12.3463
12.4451
12.5668
12.7082
12.8667
13.0393
13.224
13.4183
13.6205
13.8284
14.0403
14.2543
14.469
14.6826
14.894
15.1017
15.3046
15.5012
15.6908
15.8719
16.0438
16.2055
16.3563
16.4957
16.6221
16.7338
16.8292
16.9064
16.9633
16.9972
17.0052
16.9832
16.9264
16.8282
16.6787
16.4676
16.1561
15.8078
14.9304
102.124
102.193
102.263
102.337
102.414
102.494
102.575
102.659
102.744
102.832
102.922
103.014
103.109
103.206
103.306
103.408
103.513
103.62
103.73
103.843
103.958
104.076
104.197
104.321
104.447
104.576
104.708
104.842
104.978
105.118
105.259
105.402
105.548
105.695
105.844
105.994
106.145
106.297
106.449
106.602
106.754
106.905
107.055
107.203
107.348
107.49
107.629
107.763
107.891
108.013
108.128
108.235
108.332
108.418
108.492
108.553
108.599
108.628
108.639
108.63
108.598
108.542
108.46
108.348
108.206
108.029
107.815
107.562
107.266
106.924
106.533
106.09
105.591
105.034
104.414
103.728
102.972
102.142
101.236
100.25
99.1799
98.0236
96.778
95.4406
94.0094
92.4827
90.8594
89.1388
87.3209
85.4067
83.3975
81.2956
79.1043
76.8275
74.4704
72.039
69.5401
66.9815
64.3723
61.722
59.0411
56.3409
53.633
50.9297
48.2436
45.5872
42.9735
40.4145
37.9224
35.5084
33.183
30.9555
28.8342
26.8257
24.9357
23.1676
21.5233
20.0042
18.6093
17.3367
16.1827
15.1432
14.2129
13.386
12.6563
12.0174
11.4627
10.9859
10.5812
10.2423
9.96395
9.74109
9.56869
9.44178
9.35384
9.30739
9.29955
9.32641
9.38383
9.46862
9.57756
9.70803
9.85717
10.0228
10.2026
10.3945
10.5961
10.8058
11.0217
11.2423
11.4657
11.6906
11.9152
12.1384
12.3586
12.5748
12.7855
12.9899
13.1867
13.375
13.5536
13.7218
13.8784
14.0225
14.1543
14.2728
14.3763
14.4634
14.5321
14.5806
14.6063
14.6062
14.5765
14.5125
14.4076
14.2519
14.0348
13.7132
13.3521
12.3705
101.103
101.109
101.121
101.133
101.144
101.153
101.162
101.17
101.179
101.187
101.195
101.204
101.212
101.221
101.231
101.241
101.251
101.262
101.274
101.287
101.3
101.315
101.33
101.345
101.362
101.379
101.397
101.415
101.434
101.454
101.473
101.493
101.512
101.531
101.55
101.567
101.584
101.598
101.611
101.621
101.629
101.633
101.633
101.629
101.619
101.604
101.581
101.551
101.513
101.465
101.406
101.336
101.252
101.154
101.041
100.911
100.761
100.592
100.4
100.184
99.9413
99.6708
99.3699
99.0362
98.6674
98.261
97.8144
97.3248
96.7896
96.206
95.5713
94.8826
94.1374
93.3328
92.4659
91.534
90.5345
89.4649
88.3228
87.1061
85.8131
84.4422
82.9922
81.4621
79.8519
78.1617
76.3919
74.544
72.6198
70.6219
68.5537
66.4191
64.2229
61.9706
59.6685
57.3237
54.9439
52.5375
50.1137
47.682
45.2526
42.836
40.4427
38.0835
35.7689
33.5096
31.3157
29.1963
27.1603
25.2156
23.3689
21.6255
19.9898
18.4644
17.051
15.7493
14.5575
13.474
12.4951
11.6163
10.8326
10.1383
9.52762
8.99468
8.53356
8.13852
7.80409
7.52517
7.29749
7.11596
6.97706
6.87706
6.81137
6.7775
6.77724
6.80652
6.86244
6.94241
7.04394
7.16475
7.30276
7.45605
7.62264
7.80086
7.98896
8.18526
8.38805
8.59584
8.80712
9.02054
9.23465
9.44821
9.65979
9.86829
10.0724
10.2712
10.4634
10.6482
10.8246
10.9917
11.1486
11.2945
11.4283
11.549
11.6576
11.753
11.834
11.8991
11.9468
11.9752
11.9821
11.9648
11.9198
11.8427
11.7274
11.5645
11.3438
11.021
10.6646
9.60129
95.0877
94.8396
94.6043
94.3667
94.1221
93.8727
93.6202
93.3651
93.1076
92.848
92.5867
92.3239
92.06
91.7952
91.5298
91.2641
90.9984
90.7328
90.4675
90.2029
89.9391
89.6763
89.4147
89.1544
88.8955
88.6383
88.3827
88.1288
87.8768
87.6266
87.3784
87.1319
86.8872
86.6443
86.4031
86.1633
85.925
85.6877
85.4515
85.2158
84.9806
84.7454
84.5098
84.2734
84.0357
83.7962
83.5542
83.3091
83.0602
82.8068
82.548
82.283
82.0107
81.7302
81.4404
81.14
80.8277
80.5023
80.1622
79.8059
79.4318
79.0382
78.6234
78.1853
77.7223
77.232
76.7126
76.1616
75.5771
74.9566
74.2977
73.598
72.8552
72.0669
71.2305
70.3438
69.4047
68.411
67.361
66.253
65.0859
63.8584
62.5699
61.22
59.809
58.3375
56.8063
55.2171
53.5723
51.8745
50.1274
48.3349
46.5018
44.6336
42.7363
40.8165
38.8815
36.9389
34.9971
33.0644
31.1497
29.2617
27.4095
25.6014
23.846
22.1512
20.5244
18.9716
17.4989
16.1106
14.8106
13.6005
12.4819
11.4543
10.5169
9.66655
8.90008
8.21423
7.60453
7.066
6.59362
6.18235
5.82725
5.52357
5.26684
5.05288
4.87787
4.73842
4.63189
4.55461
4.50491
4.47871
4.4769
4.4984
4.54127
4.60321
4.68259
4.77757
4.8868
5.00861
5.14182
5.28491
5.4367
5.59572
5.76091
5.93073
6.10407
6.27952
6.4561
6.63248
6.80776
6.98067
7.1503
7.31549
7.47546
7.62924
7.7761
7.91521
8.04593
8.16753
8.27943
8.38076
8.47073
8.55013
8.61878
8.67552
8.71997
8.75069
8.76685
8.76665
8.74867
8.71049
8.64959
8.56213
8.44339
8.28522
8.07987
7.78554
7.47867
6.43153
72.8284
72.1936
71.5952
71.0043
70.4151
69.8315
69.2559
68.6888
68.1303
67.5805
67.0399
66.5084
65.9863
65.4738
64.9708
64.4776
63.9941
63.5204
63.0566
62.6026
62.1585
61.7243
61.3
60.8854
60.4806
60.0856
59.7001
59.3242
58.9577
58.6004
58.2524
57.9132
57.5829
57.2612
56.9478
56.6426
56.3452
56.0554
55.7729
55.4973
55.2282
54.9654
54.7083
54.4565
54.2094
53.9666
53.7275
53.4914
53.2578
53.026
52.7951
52.5645
52.3333
52.1006
51.8655
51.627
51.3839
51.1352
50.8796
50.616
50.343
50.0592
49.7632
49.4535
49.1287
48.7869
48.4267
48.0463
47.644
47.218
46.7656
46.2824
45.7668
45.2172
44.6319
44.0092
43.3479
42.6465
41.904
41.1194
40.2921
39.4216
38.5077
37.5506
36.5509
35.5096
34.4279
33.3076
32.1511
30.9611
29.7408
28.494
27.2249
25.9381
24.6387
23.3324
22.0249
20.7222
19.4309
18.1573
16.908
15.6892
14.5071
13.3675
12.2758
11.2368
10.2547
9.33265
8.47327
7.67823
6.94823
6.28289
5.68111
5.14083
4.65946
4.23346
3.8588
3.53206
3.24919
3.00599
2.79852
2.62311
2.47641
2.35536
2.25728
2.17977
2.12075
2.0785
2.05179
2.03874
2.03868
2.05233
2.07835
2.11484
2.1615
2.21669
2.28032
2.35087
2.42835
2.51124
2.5996
2.69192
2.78818
2.88688
2.98801
3.08999
3.19279
3.29487
3.39638
3.4958
3.59336
3.68754
3.7786
3.86511
3.94749
4.02441
4.09637
4.16214
4.22229
4.27569
4.32295
4.36343
4.398
4.42605
4.44723
4.46118
4.46759
4.46589
4.45547
4.43553
4.40512
4.36304
4.30775
4.23721
4.14865
4.03735
3.89949
3.70704
3.52626
2.79892
5.06087
5.71319
6.29796
6.7485
7.17083
7.60658
8.06028
8.53683
9.04414
9.58954
10.1795
10.8204
11.5187
12.2812
13.1149
14.0274
15.0269
16.1219
17.3247
18.6404
20.1076
21.6701
23.6313
25.1887
30.1087
6.86568
7.42896
7.97743
8.4502
8.92283
9.42461
9.95803
10.5279
11.1422
11.809
12.5362
13.3317
14.2044
15.1636
16.2198
17.3844
18.6707
20.0927
21.6697
23.4153
25.3784
27.5154
30.1403
32.4666
38.0343
7.87991
8.35906
8.86489
9.33656
9.82109
10.3398
10.896
11.4949
12.1443
12.852
13.6262
14.4753
15.4086
16.4363
17.5699
18.8223
20.2081
21.7438
23.4513
25.3473
27.4857
29.8267
32.6903
35.3055
40.981
8.65244
9.08227
9.55685
10.0246
10.514
11.0406
11.6079
12.2214
12.8884
13.6166
14.4141
15.2895
16.2522
17.3127
18.4827
19.7755
21.2064
22.7925
24.5568
26.5166
28.7284
31.1507
34.1117
36.8267
42.4804
9.35006
9.75067
10.2029
10.6671
11.1601
11.6923
12.2676
12.8911
13.5699
14.3115
15.124
16.0159
16.9968
18.0771
19.2688
20.5851
22.0417
23.6559
25.4511
27.4448
29.6954
32.1576
35.1686
37.9215
43.5289
10.0364
10.4193
10.8555
11.3168
11.8124
12.3493
12.931
13.5625
14.2504
15.0022
15.8258
16.7296
17.7232
18.8172
20.0234
21.3552
22.8283
24.4601
26.2744
28.2883
30.5619
33.0456
36.086
38.8505
44.4087
10.7411
11.1135
11.5382
11.9967
12.4942
13.0349
13.6218
14.2599
14.9553
15.7153
16.5475
17.4605
18.4637
19.5676
20.7841
22.1267
23.6109
25.2542
27.0808
29.107
31.3948
33.8899
36.9478
39.7103
45.2211
11.48
11.8464
12.2627
12.7186
13.217
13.7605
14.3516
14.995
15.6966
16.4632
17.3023
18.2225
19.233
20.3444
21.5683
22.9182
24.41
26.0607
27.8948
29.9283
32.2243
34.7243
37.792
40.5441
46.01
12.2621
12.6249
13.0351
13.4883
13.9868
14.532
15.1262
15.7737
16.4801
17.2518
18.0965
19.0222
20.0382
21.1549
22.3841
23.739
25.2354
26.8905
28.7287
30.7656
33.0656
35.5656
38.6372
41.3738
46.7967
13.0924
13.453
13.8582
14.3086
14.8064
15.3522
15.9482
16.5985
17.3084
18.084
18.9327
19.8624
20.8824
22.0028
23.2352
24.593
26.0918
27.7487
29.5884
31.6257
33.9262
36.4228
39.4936
42.2111
47.5924
13.9735
14.3323
14.7333
15.1805
15.6766
16.2219
16.8185
17.4703
18.1823
18.9604
19.8117
20.7441
21.7664
22.8889
24.1229
25.4818
26.9811
28.6377
30.4765
32.5117
34.8098
37.3001
40.3662
43.0623
48.4026
14.9064
15.2632
15.66
16.1036
16.5971
17.1407
17.7367
18.3887
19.1014
19.8806
20.7331
21.6666
22.6899
23.8128
25.0469
26.4051
27.9031
29.5577
31.3935
33.4244
35.7178
38.1994
41.2575
43.9307
49.2302
15.8909
16.245
16.6374
17.0767
17.5666
18.1075
18.7015
19.3522
20.0642
20.8431
21.6954
22.6286
23.6513
24.7733
26.0059
27.3619
28.857
30.5076
32.3387
34.3636
36.65
39.121
42.168
44.8175
50.076
16.9257
17.2763
17.6638
18.098
18.5833
19.1202
19.7109
20.3591
21.069
21.8461
22.6967
23.6281
24.6489
25.7684
26.9979
28.3503
29.8408
31.486
33.3106
35.3277
37.6052
40.064
43.0973
45.7227
50.94
18.0091
18.355
18.7368
19.1651
19.6447
20.1764
20.7627
21.4068
22.1132
22.8871
23.7346
24.6628
25.68
26.7957
28.0207
29.3679
30.8524
32.4906
34.3073
36.315
38.5819
41.0271
44.0444
46.6456
51.8214
19.1384
19.4784
19.8537
20.2752
20.7481
21.2735
21.8539
22.4927
23.1942
23.9634
24.8063
25.7299
26.7422
27.8525
29.0716
30.4121
31.8892
33.519
35.3262
37.3232
39.5779
42.0083
45.0075
47.5847
52.7191
20.3106
20.6436
21.0115
21.4252
21.8903
22.4082
22.9815
23.6137
24.3089
25.072
25.9089
26.8264
27.8324
28.9359
30.1477
31.4801
32.9483
34.5684
36.3648
38.3497
40.5908
43.0054
45.9848
48.5381
53.6323
21.5222
21.8471
22.2068
22.6117
23.0679
23.5771
24.142
24.7662
25.4538
26.2095
27.0391
27.9491
28.9474
30.0427
31.2458
32.5689
34.027
35.636
37.4203
39.392
41.6183
44.0162
46.9743
49.5037
54.5602
22.7742
23.0921
23.4444
23.8415
24.2898
24.7915
25.3493
25.9668
26.6482
27.3981
28.2221
29.1267
30.1195
31.2092
32.4064
33.7232
35.1745
36.7763
38.5528
40.5161
42.7326
45.1197
48.0628
50.5751
55.6062
24.0618
24.3728
24.7184
25.1086
25.5502
26.0454
26.5974
27.2098
27.8866
28.6324
29.4527
30.3538
31.3432
32.4295
33.6232
34.9363
36.3837
37.9813
39.7532
41.7114
43.9218
46.302
49.2332
51.7341
56.7375
25.3758
25.6778
26.015
26.3971
26.8306
27.3184
27.8636
28.4697
29.1408
29.8814
30.6968
31.5933
32.578
33.6597
34.8486
36.1568
37.5988
39.1908
40.9565
42.9082
45.1108
47.4828
50.4003
52.8896
57.8612
26.7098
27.0008
27.328
27.7008
28.1254
28.6049
29.1423
29.7413
30.4059
31.1403
31.9499
32.8406
33.8196
34.8956
36.0785
37.3804
38.8159
40.401
42.1593
44.1031
46.2965
48.659
51.5615
54.0389
58.9768
28.0545
28.3338
28.6504
29.0131
29.4282
29.8987
30.4277
31.0189
31.6762
32.4037
33.2066
34.0907
35.0632
36.1323
37.3083
38.6029
40.0308
41.6078
43.3575
45.2924
47.4754
49.8273
52.7137
55.1786
60.082
29.4021
29.6691
29.9745
30.3269
30.7321
31.1932
31.7135
32.2965
32.9459
33.666
34.4615
35.3384
36.3034
37.365
38.5331
39.8196
41.2388
42.8069
44.547
46.4718
48.6434
50.9837
53.8531
56.3053
61.1739
30.7444
30.9987
31.2928
31.6347
32.0298
32.4815
32.9929
33.5675
34.2089
34.9211
35.7089
36.5779
37.535
38.5884
39.7479
41.0254
42.4353
43.9935
45.7231
47.6369
49.7961
52.1241
54.9758
57.415
62.2484
32.073
32.3145
32.5972
32.9286
33.3139
33.7563
34.259
34.8252
35.4585
36.1628
36.9426
37.8035
38.7523
39.7969
40.9473
42.2153
43.615
45.1626
46.8809
48.7829
50.9289
53.2438
56.0771
58.5033
63.3011
33.3788
33.6075
33.879
34.2005
34.5765
35.01
35.5044
36.0626
36.688
37.3844
38.1563
39.009
39.9492
40.9848
42.1257
43.3836
44.7727
46.309
48.0154
49.9049
52.0369
54.3379
57.1522
59.5654
64.3268
34.6416
34.8575
35.1179
35.4296
35.7963
36.2211
36.707
37.257
37.8743
38.5623
39.3255
40.169
41.0995
42.1249
43.2548
44.501
45.8777
47.4008
49.0931
50.9678
53.0835
55.3684
58.161
60.5597
65.2806
35.8535
36.0572
36.307
36.6094
36.9674
37.3839
37.8617
38.4037
39.0127
39.6922
40.4463
41.2802
42.2003
43.2146
44.3326
45.566
46.9291
48.4378
50.1146
51.9732
54.071
56.3385
59.1082
61.4916
66.1738
37.0161
37.2093
37.45
37.7447
38.0955
38.5052
38.9764
39.5116
40.1136
40.7855
41.5314
42.3565
43.2668
44.2705
45.377
46.598
47.9477
49.4421
51.1036
52.9461
55.0262
57.2765
60.0234
62.3927
67.0381
38.12
38.3044
38.5379
38.8266
39.1722
39.5769
40.0432
40.5732
41.1696
41.8352
42.574
43.391
44.2924
45.2861
46.3816
47.5906
48.9272
50.4076
52.0539
53.8806
55.9429
58.1765
60.9006
63.2571
67.8668
39.1554
39.3331
39.5614
39.8464
40.1888
40.5906
41.0539
41.5806
42.1729
42.8336
43.5666
44.3767
45.27
46.2544
47.3396
48.537
49.861
51.3276
52.959
54.77
56.8147
59.0319
61.7332
64.0783
68.6534
40.1124
40.2856
40.5111
40.7947
41.1364
41.5376
42.0002
42.5255
43.1156
43.773
44.5015
45.3058
46.1921
47.1681
48.2436
49.4301
50.7418
52.195
53.8118
55.6072
57.6344
59.8356
62.5142
64.8492
69.3901
40.9804
41.1516
41.377
41.662
42.0057
42.409
42.8732
43.3994
43.9892
44.645
45.3705
46.1703
47.0506
48.0191
49.0856
50.2618
51.5618
53.0019
54.6042
56.3843
58.3942
60.5797
63.2354
65.5622
70.0685
41.7961
41.9681
42.1958
42.4843
42.832
43.239
43.7062
44.2342
44.8244
45.479
46.2014
46.9963
47.87
48.8301
49.8864
51.0506
52.3371
53.7622
55.3478
57.1101
59.0999
61.2671
63.8968
66.2139
70.6806
42.5244
42.7007
42.9344
43.2301
43.5853
43.9993
44.4723
45.0045
45.597
46.2517
46.9721
47.7629
48.6301
49.5818
50.6277
51.7795
53.0518
54.4611
56.0291
57.7729
59.7418
61.8903
64.4938
66.8014
71.235
43.1016
43.2866
43.5318
43.8391
44.2058
44.6308
45.1132
45.6529
46.2506
46.9081
47.6288
48.4175
49.2803
50.2254
51.2625
52.4038
53.6635
55.0587
56.6109
58.338
60.2882
62.4203
65.0007
67.3017
71.711
43.5172
43.7127
43.9736
44.2974
44.6799
45.1195
45.6149
46.1651
46.7706
47.4333
48.1565
48.9451
49.8053
50.7455
51.7756
52.9078
54.1568
55.5395
57.0779
58.7903
60.7241
62.8423
65.4027
67.7009
72.0942
43.7568
43.9657
44.245
44.5889
44.9912
45.449
45.9603
46.5238
47.1395
47.8095
48.537
49.3271
50.1864
51.1232
52.1478
53.2726
54.5125
55.8847
57.4111
59.1111
61.0309
63.1382
65.682
67.9815
72.3678
43.799
44.0247
44.3267
44.6932
45.1178
45.5967
46.1268
46.7057
47.3336
48.0124
48.7457
49.5388
50.3984
51.3333
52.3538
53.4728
54.7052
56.0688
57.5855
59.2755
61.1842
63.2841
65.8155
68.1211
72.5101
43.6094
43.8559
44.1855
44.5781
45.0269
45.5285
46.0793
46.6755
47.317
48.006
48.7463
49.5434
50.4046
51.3388
52.3567
53.4715
54.6985
56.0557
57.5654
59.2486
61.15
63.2467
65.7711
68.0889
72.492
43.1291
43.4016
43.7647
44.1876
44.6632
45.1889
45.7604
46.3755
47.0322
47.7327
48.4812
49.2838
50.148
51.0832
52.1007
53.2138
54.4382
55.7926
57.2995
58.9806
60.8803
62.9801
65.5051
67.8434
72.274
42.2596
42.5654
42.9698
43.4283
43.9344
44.487
45.0811
45.7139
46.3872
47.102
47.8616
48.6726
49.5432
50.4831
51.5042
52.6205
53.8481
55.206
56.7172
58.4045
60.3115
62.4243
64.9612
67.3319
71.8044
40.8559
41.2073
41.6642
42.1661
42.709
43.2938
43.9153
44.5706
45.2613
45.9928
46.7705
47.5967
48.4809
49.4337
50.4675
51.5967
52.8381
54.2111
55.7391
57.4455
59.3737
61.514
64.0784
66.4972
71.0309
38.6576
39.0677
39.5928
40.1517
40.744
41.3732
42.0336
42.7225
43.4423
44.1981
44.9967
45.8486
46.76
47.7397
48.8007
49.9582
51.2292
52.6336
54.1948
55.9371
57.9034
60.088
62.6974
65.1819
69.807
35.5616
36.0811
36.7108
37.3514
38.0118
38.7001
39.4115
40.1449
40.9047
41.6973
42.5302
43.4131
44.3576
45.376
46.4779
47.6777
48.9923
50.4418
52.0494
53.8395
55.8548
58.0922
60.7559
63.3063
68.0305
32.1795
32.8212
33.5659
34.2975
35.0361
35.7936
36.5659
37.354
38.1642
39.0043
39.8826
40.8091
41.7948
42.8523
43.9967
45.2418
46.602
48.0971
49.75
51.5849
53.6443
55.9263
58.6354
61.2377
66.044
28.8574
29.6146
30.4642
31.2774
32.0876
32.9098
33.7402
34.5818
35.4425
36.3309
37.2559
38.2275
39.2567
40.3557
41.5383
42.8198
44.2177
45.749
47.4358
49.3021
51.3901
53.698
56.433
59.0636
63.9278
25.7547
26.6145
27.5516
28.4296
29.2979
30.1734
31.0528
31.9407
32.8458
33.777
34.7434
35.7547
36.8213
37.9549
39.1686
40.477
41.8969
43.4475
45.1494
47.0262
49.1198
51.4279
54.1622
56.7881
61.6815
22.8943
23.8468
24.8549
25.7818
26.6949
27.6125
28.5313
29.4569
30.3983
31.364
32.3624
33.4028
34.4949
35.6497
36.8794
38.198
39.6215
41.1683
42.8603
44.7202
46.7894
49.0646
51.7624
54.3432
59.2311
20.2325
21.2726
22.3398
23.3045
24.2531
25.2043
26.1544
27.109
28.0767
29.0649
30.0816
31.135
32.2344
33.3897
34.6128
35.9167
37.3167
38.8302
40.4801
42.2875
44.2936
46.493
49.1075
51.5914
56.4304
17.6977
18.8255
19.9462
20.9435
21.9219
22.8999
23.8722
24.8439
25.8227
26.8152
27.8287
28.8709
29.9504
31.0765
32.2604
33.5141
34.8524
36.2938
37.8586
39.5667
41.4588
43.5261
45.9956
48.3152
53.0506
15.2066
16.4273
17.6018
18.6299
19.6321
20.6255
21.6034
22.5705
23.5341
24.5007
25.4771
26.4707
27.49
28.5434
29.6415
30.796
32.0235
33.3387
34.7613
36.3088
38.0209
39.8846
42.1304
44.2009
48.7667
12.6645
13.9874
15.217
16.2678
17.2744
18.2549
19.2026
20.1232
21.025
21.9148
22.8002
23.6882
24.5879
25.5054
26.4555
27.4489
28.4994
29.6203
30.83
32.1432
33.5981
35.1765
37.1121
38.8359
43.1497
9.95285
11.3788
12.642
13.6734
14.6267
15.5262
16.3695
17.1655
17.9248
18.6563
19.3688
20.0686
20.7669
21.4753
22.2039
22.9624
23.7631
24.6178
25.5424
26.5492
27.6722
28.8877
30.4275
31.7115
35.6364
6.88407
8.33658
9.51683
10.3931
11.15
11.8268
12.4291
12.9719
13.4699
13.934
14.3735
14.8029
15.2289
15.661
16.1059
16.5731
17.07
17.6072
18.1939
18.8403
19.5708
20.3597
21.4141
22.1856
25.3968
3.21814
4.35684
5.14229
5.61606
5.98004
6.2812
6.52926
6.7407
6.92778
7.10185
7.2688
7.43327
7.59859
7.76904
7.94794
8.13956
8.34735
8.57611
8.83005
9.11333
9.43995
9.78815
10.2929
10.5631
12.549
)
;

boundaryField
{
    inlet
    {
        type            calculated;
        value           uniform 100;
    }
    outlet
    {
        type            calculated;
        value           nonuniform List<scalar> 
57
(
30.1087
38.0343
40.981
42.4804
43.5289
44.4087
45.2211
46.01
46.7967
47.5924
48.4026
49.2302
50.076
50.94
51.8214
52.7191
53.6323
54.5602
55.6062
56.7375
57.8612
58.9768
60.082
61.1739
62.2484
63.3011
64.3268
65.2806
66.1738
67.0381
67.8668
68.6534
69.3901
70.0685
70.6806
71.235
71.711
72.0942
72.3678
72.5101
72.492
72.274
71.8044
71.0309
69.807
68.0305
66.044
63.9278
61.6815
59.2311
56.4304
53.0506
48.7667
43.1497
35.6364
25.3968
12.549
)
;
    }
    upperWall
    {
        type            calculated;
        value           uniform 0;
    }
    lowerWall
    {
        type            calculated;
        value           uniform 0;
    }
    frontAndBack
    {
        type            empty;
    }
}


// ************************************************************************* //
