/*--------------------------------*- C++ -*----------------------------------*\
| =========                 |                                                 |
| \\      /  F ield         | OpenFOAM: The Open Source CFD Toolbox           |
|  \\    /   O peration     | Version:  2.3.1                                 |
|   \\  /    A nd           | Web:      www.OpenFOAM.org                      |
|    \\/     M anipulation  |                                                 |
\*---------------------------------------------------------------------------*/
FoamFile
{
    version     2.0;
    format      ascii;
    class       volScalarField;
    location    "150";
    object      UpointU;
}
// * * * * * * * * * * * * * * * * * * * * * * * * * * * * * * * * * * * * * //

dimensions      [0 2 -2 0 0 0 0];

internalField   nonuniform List<scalar> 
12225
(
98.3501
95.36
91.1298
86.9393
83.1763
79.7836
76.697
73.8814
71.3077
68.947
66.772
64.7582
62.883
61.124
59.4571
57.8517
56.1963
54.6772
100.867
100.616
99.8384
98.8532
97.8579
96.8311
95.7547
94.6389
93.4981
92.3423
91.1776
90.0077
88.833
87.6505
86.4521
85.2245
83.9712
82.7112
99.8555
100.027
100.315
100.416
100.432
100.379
100.254
100.067
99.8286
99.5464
99.2236
98.862
98.4611
98.0187
97.53
96.9903
96.412
95.7671
99.9966
100.231
100.577
100.751
100.851
100.916
100.945
100.94
100.905
100.843
100.755
100.639
100.493
100.315
100.103
99.8572
99.5909
99.2967
100.042
100.271
100.564
100.735
100.853
100.951
101.023
101.069
101.092
101.091
101.068
101.022
100.951
100.854
100.733
100.588
100.431
100.258
100.047
100.246
100.499
100.672
100.801
100.91
100.996
101.057
101.097
101.117
101.116
101.095
101.053
100.99
100.909
100.812
100.707
100.598
100.04
100.205
100.425
100.595
100.727
100.838
100.928
100.997
101.046
101.076
101.088
101.081
101.058
101.017
100.963
100.897
100.828
100.759
100.034
100.174
100.366
100.527
100.656
100.767
100.859
100.932
100.986
101.023
101.043
101.048
101.037
101.012
100.976
100.933
100.888
100.847
100.03
100.149
100.317
100.468
100.594
100.703
100.796
100.871
100.929
100.972
100.999
101.012
101.012
101.001
100.981
100.956
100.931
100.913
100.026
100.126
100.271
100.409
100.53
100.636
100.728
100.805
100.867
100.916
100.951
100.973
100.985
100.988
100.985
100.979
100.975
100.978
100.023
100.106
100.229
100.354
100.467
100.569
100.66
100.739
100.805
100.859
100.902
100.936
100.96
100.978
100.993
101.006
101.023
101.049
100.019
100.088
100.192
100.304
100.409
100.507
100.597
100.677
100.747
100.808
100.86
100.904
100.943
100.977
101.009
101.043
101.081
101.127
100.016
100.073
100.161
100.261
100.359
100.453
100.542
100.624
100.699
100.766
100.828
100.885
100.938
100.988
101.039
101.093
101.151
101.218
100.013
100.061
100.137
100.226
100.318
100.409
100.498
100.583
100.663
100.74
100.812
100.882
100.949
101.017
101.087
101.159
101.237
101.324
100.011
100.053
100.119
100.2
100.288
100.378
100.468
100.557
100.645
100.73
100.814
100.897
100.981
101.066
101.153
101.243
101.339
101.443
100.01
100.047
100.108
100.185
100.27
100.361
100.454
100.549
100.645
100.741
100.837
100.935
101.033
101.134
101.238
101.345
101.457
101.577
100.01
100.045
100.104
100.179
100.266
100.36
100.459
100.561
100.667
100.774
100.883
100.994
101.108
101.224
101.343
101.465
101.591
101.724
100.01
100.046
100.106
100.185
100.276
100.376
100.482
100.594
100.709
100.828
100.949
101.073
101.199
101.328
101.459
101.593
101.73
101.874
100.011
100.049
100.114
100.198
100.296
100.404
100.519
100.64
100.765
100.893
101.025
101.159
101.295
101.434
101.575
101.718
101.862
102.013
100.011
100.053
100.125
100.218
100.324
100.441
100.564
100.694
100.827
100.964
101.104
101.246
101.391
101.537
101.684
101.833
101.983
102.139
100.012
100.059
100.139
100.242
100.358
100.484
100.616
100.754
100.895
101.04
101.187
101.335
101.486
101.638
101.79
101.944
102.098
102.257
100.013
100.064
100.155
100.271
100.398
100.532
100.673
100.818
100.966
101.117
101.27
101.424
101.579
101.734
101.891
102.047
102.203
102.364
100.012
100.068
100.173
100.303
100.441
100.585
100.733
100.885
101.039
101.194
101.351
101.509
101.667
101.825
101.984
102.142
102.299
102.461
100.008
100.068
100.191
100.337
100.484
100.635
100.789
100.945
101.103
101.261
101.42
101.579
101.739
101.898
102.057
102.215
102.371
102.531
99.9995
100.062
100.209
100.369
100.522
100.678
100.837
100.996
101.154
101.312
101.471
101.63
101.788
101.946
102.103
102.259
102.414
102.573
99.9713
100.029
100.212
100.382
100.534
100.689
100.848
101.007
101.164
101.321
101.478
101.634
101.79
101.944
102.098
102.25
102.398
102.547
99.8988
99.9315
100.18
100.378
100.533
100.684
100.831
100.975
101.116
101.256
101.395
101.533
101.671
101.808
101.943
102.078
102.209
102.343
99.7067
99.6523
99.9171
100.135
100.313
100.471
100.606
100.719
100.816
100.903
100.981
101.053
101.12
101.183
101.243
101.3
101.354
101.4
100.376
100.323
100.086
99.7685
99.4996
99.2534
98.9955
98.7189
98.4271
98.1237
97.812
97.4955
97.1773
96.8605
96.548
96.242
95.9455
95.6501
99.9211
99.412
97.5175
95.246
93.0331
90.9264
88.9193
87.0198
85.2349
83.5649
82.0065
80.5548
79.2042
77.9491
76.7835
75.7023
74.7039
73.758
0.00548141
0.00100637
0.00606006
0.024271
0.0577536
0.112962
0.194354
0.304479
0.445193
0.617494
0.821844
1.05824
1.32629
1.62526
1.95415
2.31178
2.6968
3.10775
3.54313
4.0014
4.48104
4.98057
5.49853
6.03354
6.58429
7.14955
7.72816
8.31902
8.92111
9.53349
10.1553
10.7856
11.4237
12.0687
12.72
13.3769
14.0386
14.7044
15.3736
16.0455
16.7194
17.3946
18.0701
18.7453
19.4192
20.0908
20.7593
21.4236
22.0825
22.7349
23.3794
24.0148
24.6395
25.2519
25.8504
26.4328
26.9973
27.5417
28.0637
28.5609
29.0303
29.4688
29.873
30.2393
30.5644
30.8445
31.0754
31.252
31.3683
31.4181
31.3969
31.2992
31.1197
30.8531
30.4944
30.039
29.4829
28.8231
28.0575
27.1856
26.2085
25.1292
23.953
22.6877
21.3434
19.933
18.4716
16.9765
15.4663
13.9608
12.4794
11.0412
9.66338
8.36136
7.14759
6.03151
5.01936
4.11422
3.31623
2.62299
2.02999
1.53111
1.11913
0.786197
0.52421
0.325107
0.181163
0.0850881
0.0312445
0.0111746
0.0214632
0.0559777
0.110136
0.179445
0.260196
0.349371
0.444522
0.543664
0.645201
0.747856
0.850618
0.952692
1.05347
1.15249
1.24941
1.344
1.4361
1.52562
1.61252
1.69681
1.77851
1.85769
1.93445
2.00889
2.08111
2.15122
2.21932
2.28553
2.35
2.41284
2.4742
2.53417
2.59287
2.65043
2.70694
2.76254
2.81732
2.87139
2.92486
2.97783
3.03039
3.08264
3.13466
3.18655
3.23837
3.29022
3.34217
3.39429
3.44665
3.49933
3.55236
3.60579
3.65965
3.71392
3.76859
3.82355
3.87846
3.93306
3.98725
4.04078
4.09323
4.14397
4.19201
4.23582
4.27308
4.29992
4.31156
4.29442
4.23471
3.92462
0.00278567
0.0306459
0.081893
0.146506
0.223576
0.318628
0.436492
0.580148
0.751374
0.95112
1.17976
1.43722
1.72303
2.03644
2.37648
2.74198
3.13168
3.54422
3.97822
4.43227
4.905
5.39506
5.90116
6.42204
6.95653
7.50352
8.06195
8.63083
9.20922
9.79624
10.391
10.9928
11.6008
12.2142
12.8324
13.4545
14.0798
14.7076
15.3372
15.9678
16.5986
17.2287
17.8574
18.4837
19.1066
19.7252
20.3384
20.9452
21.5442
22.1343
22.7141
23.2821
23.837
24.377
24.9004
25.4053
25.8897
26.3514
26.7883
27.1979
27.5776
27.9243
28.2348
28.506
28.7346
28.9177
29.0513
29.1305
29.1495
29.1058
28.9948
28.812
28.5529
28.2132
27.7891
27.277
26.6741
25.9785
25.1892
24.3066
23.3328
22.2715
21.1286
19.912
18.6319
17.3008
15.9331
14.5449
13.1535
11.7768
10.4325
9.13735
7.90665
6.75348
5.68829
4.71866
3.84916
3.08149
2.41471
1.84565
1.36931
0.979389
0.668693
0.429609
0.254351
0.135414
0.0655495
0.0378524
0.046653
0.0843586
0.145015
0.224475
0.319048
0.425239
0.540036
0.660924
0.785837
0.913101
1.04137
1.16958
1.29691
1.4227
1.54648
1.6679
1.78671
1.90276
2.01595
2.12626
2.2337
2.3383
2.44015
2.53933
2.63596
2.73017
2.82208
2.91182
2.99949
3.08526
3.16924
3.25161
3.33247
3.41197
3.49022
3.56735
3.64349
3.71876
3.79328
3.86716
3.94052
4.01348
4.08615
4.15861
4.23099
4.30337
4.37585
4.44852
4.52149
4.59483
4.66862
4.74296
4.8179
4.8935
4.96981
5.04685
5.12461
5.20312
5.28228
5.36198
5.44199
5.52198
5.60146
5.67974
5.75576
5.8279
5.8937
5.94918
5.98697
5.9948
5.9664
5.76718
0.0448516
0.127284
0.222409
0.328537
0.443137
0.569081
0.710144
0.868975
1.04726
1.24605
1.46589
1.70699
1.96926
2.25236
2.55578
2.87885
3.22081
3.58083
3.95803
4.3515
4.76032
5.18361
5.62046
6.07002
6.53145
7.00395
7.48674
7.97908
8.48024
8.98952
9.50626
10.0298
10.5595
11.0946
11.6346
12.1788
12.7266
13.2772
13.83
14.3842
14.9391
15.494
16.048
16.6003
17.15
17.696
18.2375
18.7734
19.3025
19.8236
20.3354
20.8367
21.3259
21.8016
22.262
22.7055
23.13
23.5337
23.9144
24.2699
24.5978
24.8952
25.1592
25.3869
25.5754
25.7221
25.8237
25.8758
25.8733
25.8144
25.6943
25.5089
25.2544
24.9271
24.5233
24.0403
23.4755
22.8274
22.0955
21.2802
20.3837
19.4097
18.3639
17.2538
16.0891
14.8815
13.6446
12.3933
11.1438
9.91262
8.7161
7.56954
6.48676
5.47939
4.5565
3.72439
2.98651
2.34364
1.79417
1.33446
0.959336
0.662528
0.437003
0.275595
0.170759
0.115516
0.102874
0.125945
0.177816
0.252701
0.346141
0.45477
0.575287
0.704695
0.840404
0.980251
1.12247
1.26564
1.40864
1.55059
1.69083
1.82886
1.9643
2.09693
2.22657
2.35315
2.47664
2.59706
2.71446
2.82892
2.94055
3.04946
3.15579
3.25968
3.36127
3.46069
3.55808
3.65358
3.74735
3.83953
3.93025
4.01966
4.10788
4.19503
4.28126
4.36668
4.45142
4.5356
4.61933
4.70274
4.78593
4.86901
4.9521
5.03528
5.11867
5.20236
5.28645
5.37103
5.4562
5.54203
5.62861
5.716
5.80425
5.89341
5.9835
6.07454
6.16652
6.25935
6.35282
6.44663
6.54031
6.63318
6.72422
6.81193
6.89404
6.96709
7.02527
7.05992
7.07524
6.99004
0.170488
0.309926
0.437337
0.569079
0.70465
0.845152
0.993133
1.15071
1.31943
1.50045
1.6946
1.90251
2.12459
2.36106
2.61201
2.87737
3.15699
3.4506
3.75786
4.07838
4.41172
4.7574
5.11492
5.48378
5.86344
6.25338
6.65308
7.062
7.47962
7.90541
8.33885
8.77939
9.22652
9.67969
10.1383
10.6019
11.0699
11.5416
12.0164
12.4937
12.9728
13.453
13.9337
14.4139
14.8928
15.3697
15.8435
16.3133
16.7781
17.2367
17.6881
18.1308
18.5637
18.9853
19.3941
19.7885
20.1667
20.5268
20.867
21.1852
21.4792
21.7463
21.984
22.1894
22.3601
22.4934
22.5864
22.6351
22.6359
22.5856
22.4807
22.3174
22.0922
21.8016
21.4425
21.0123
20.5087
19.9301
19.2759
18.5466
17.744
16.8715
15.9341
14.9388
13.8946
12.8122
11.7045
10.5855
9.47052
8.37507
7.31453
6.30334
5.35434
4.47817
3.68295
2.97403
2.35398
1.82285
1.37843
1.01674
0.732331
0.519031
0.369691
0.277541
0.234617
0.234616
0.26988
0.333823
0.42093
0.526402
0.646585
0.778623
0.919692
1.06724
1.21904
1.37326
1.5284
1.68326
1.83692
1.98866
2.13797
2.28446
2.42789
2.56808
2.70497
2.83853
2.96878
3.09579
3.21966
3.34049
3.45841
3.57356
3.6861
3.79618
3.90395
4.00954
4.11312
4.21482
4.31481
4.41324
4.51024
4.60595
4.70051
4.79404
4.88668
4.97856
5.0698
5.16051
5.25084
5.34088
5.43075
5.52057
5.61045
5.70047
5.79076
5.88142
5.97253
6.06421
6.15654
6.24961
6.3435
6.43829
6.53403
6.63079
6.72859
6.82747
6.92743
7.02839
7.13018
7.23252
7.33498
7.43693
7.53746
7.63521
7.72827
7.81383
7.88843
7.94541
7.9969
7.98697
0.387628
0.580881
0.727744
0.869573
1.00994
1.14935
1.28955
1.43227
1.57905
1.73117
1.88978
2.05586
2.23029
2.41377
2.60688
2.81007
3.02368
3.2479
3.48285
3.72853
3.98488
4.25178
4.52903
4.81641
5.11364
5.42043
5.73645
6.06135
6.39479
6.73637
7.08571
7.4424
7.80603
8.17616
8.55234
8.93411
9.32098
9.71244
10.108
10.507
10.909
11.3132
11.7191
12.1261
12.5332
12.9399
13.3452
13.7484
14.1485
14.5445
14.9354
15.3202
15.6976
16.0664
16.4254
16.7729
17.1076
17.4277
17.7315
18.0172
18.2827
18.5259
18.7443
18.9353
19.0966
19.2258
19.3205
19.3771
19.3917
19.3621
19.2849
19.1568
18.9746
18.7351
18.4356
18.0734
17.6462
17.1526
16.5916
15.9634
15.2692
14.5118
13.6954
12.8261
11.9117
10.9623
9.98951
9.00656
8.02776
7.06791
6.14166
5.26275
4.44338
3.69351
3.02058
2.42923
1.92137
1.49645
1.1517
0.882889
0.684034
0.549131
0.470022
0.440794
0.453453
0.500864
0.576954
0.676101
0.793556
0.925313
1.06828
1.21995
1.37797
1.54021
1.70483
1.8703
2.03536
2.19905
2.36063
2.51953
2.67537
2.82787
2.97687
3.1223
3.26413
3.4024
3.53719
3.66859
3.79672
3.92174
4.04377
4.163
4.27957
4.39366
4.50542
4.615
4.72256
4.82826
4.93225
5.03469
5.13572
5.23548
5.3341
5.43172
5.52847
5.62449
5.71988
5.81479
5.90933
6.00361
6.09776
6.19188
6.28609
6.38048
6.47517
6.57026
6.66584
6.76203
6.85891
6.95657
7.0551
7.15459
7.25509
7.35667
7.45938
7.56325
7.66828
7.77442
7.88153
7.98934
8.0975
8.20544
8.31235
8.41711
8.5182
8.61354
8.70134
8.77736
8.85801
8.89891
0.672526
0.916701
1.07288
1.21284
1.34559
1.47203
1.59354
1.71176
1.82828
1.94464
2.06227
2.18249
2.30651
2.4354
2.57011
2.71145
2.86009
3.01656
3.18128
3.35456
3.53659
3.7275
3.92732
4.13603
4.35355
4.57976
4.8145
5.05757
5.30874
5.56777
5.83439
6.1083
6.38921
6.67678
6.97066
7.27048
7.57587
7.88641
8.20168
8.52121
8.84452
9.17111
9.50044
9.83194
10.165
10.499
10.8332
11.167
11.4996
11.8301
12.1577
12.4815
12.8005
13.1137
13.4199
13.718
14.0067
14.2845
14.55
14.8017
15.0377
15.2563
15.4553
15.6325
15.7856
15.9125
16.0113
16.079
16.1114
16.107
16.0628
15.9762
15.8442
15.6642
15.4334
15.1495
14.8103
14.4141
13.9597
13.4469
12.8763
12.2497
11.5703
10.843
10.0743
9.27281
8.44891
7.61457
6.78292
5.96768
5.18269
4.44109
3.7545
3.13248
2.58205
2.10742
1.70998
1.38884
1.1404
0.960453
0.84136
0.778155
0.762935
0.788405
0.848136
0.93599
1.04662
1.17527
1.3179
1.47116
1.63242
1.79953
1.97056
2.14378
2.3177
2.49108
2.66294
2.8325
2.99918
3.16257
3.32238
3.47845
3.63069
3.77908
3.92366
4.06451
4.20173
4.33547
4.46586
4.59306
4.71725
4.83859
4.95725
5.07341
5.18724
5.29888
5.40851
5.51628
5.62235
5.72688
5.83001
5.93188
6.03264
6.1324
6.23131
6.3295
6.4271
6.52422
6.62099
6.71752
6.81394
6.91034
7.00685
7.10357
7.2006
7.29805
7.39602
7.49462
7.59393
7.69406
7.79509
7.89711
8.00019
8.10439
8.20979
8.31641
8.42427
8.53333
8.64347
8.75449
8.86606
8.97771
9.0888
9.19844
9.30552
9.40868
9.50743
9.59965
9.70372
9.78049
0.990758
1.28445
1.44314
1.57335
1.69046
1.79655
1.89306
1.98162
2.06401
2.142
2.2173
2.29148
2.36604
2.44228
2.52142
2.60447
2.69233
2.78574
2.88531
2.99153
3.10477
3.2253
3.35331
3.48892
3.63218
3.7831
3.94162
4.10766
4.2811
4.46181
4.6496
4.84429
5.04565
5.25347
5.46749
5.68743
5.91301
6.14391
6.3798
6.62033
6.86512
7.11378
7.36587
7.62096
7.87855
8.13813
8.39918
8.66111
8.92332
9.18517
9.44597
9.705
9.96149
10.2146
10.4635
10.7072
10.9446
11.1748
11.3965
11.6084
11.8093
11.9976
12.1716
12.3294
12.4692
12.5891
12.6875
12.7624
12.8095
12.8277
12.8147
12.7685
12.6868
12.5673
12.4078
12.2064
11.961
11.67
11.3322
10.9468
10.5139
10.0345
9.51052
8.94533
8.34374
7.71234
7.05956
6.39542
5.7311
5.0786
4.45039
3.85873
3.31472
2.82761
2.40414
2.04842
1.7611
1.54146
1.38366
1.28509
1.23867
1.23764
1.27573
1.34674
1.44497
1.56522
1.70292
1.8541
2.01541
2.1841
2.35799
2.5353
2.71448
2.89415
3.07316
3.25054
3.42551
3.59749
3.76605
3.93088
4.09179
4.2487
4.40156
4.55042
4.69536
4.83647
4.9739
5.10779
5.2383
5.36561
5.4899
5.61134
5.7301
5.84637
5.96031
6.07208
6.18185
6.28979
6.39604
6.50077
6.60411
6.70621
6.80721
6.90724
7.00643
7.10492
7.20283
7.30029
7.3974
7.4943
7.59109
7.68789
7.7848
7.88194
7.9794
8.07731
8.17574
8.27482
8.37464
8.47529
8.57686
8.67945
8.78314
8.888
8.9941
9.10149
9.21019
9.32018
9.43138
9.54362
9.65666
9.77013
9.88355
9.99627
10.1076
10.2169
10.3247
10.4309
10.5533
10.6558
1.3059
1.64906
1.80677
1.92313
2.02066
2.10318
2.17248
2.23032
2.27863
2.31937
2.35448
2.38577
2.41488
2.44333
2.47246
2.50343
2.53726
2.5748
2.61677
2.66375
2.7162
2.77449
2.83888
2.90957
2.9867
3.07032
3.16048
3.25715
3.36029
3.46983
3.58567
3.70769
3.83576
3.9697
4.10935
4.25453
4.40501
4.56058
4.72099
4.88599
5.0553
5.22861
5.4056
5.58594
5.76927
5.95519
6.14329
6.33314
6.52427
6.7162
6.9084
7.10033
7.29139
7.48099
7.66845
7.85307
8.03412
8.21076
8.38214
8.54733
8.70535
8.85513
8.99546
9.12491
9.24197
9.3452
9.43338
9.50526
9.55818
9.58956
9.59874
9.58436
9.54496
9.47909
9.38529
9.26215
9.10834
8.92267
8.70415
8.45211
8.16629
7.84699
7.49524
7.11278
6.70227
6.26763
5.81441
5.34954
4.88113
4.41824
3.9709
3.54968
3.1647
2.82452
2.53519
2.30116
2.12059
1.99543
1.92122
1.89332
1.90685
1.95638
2.03655
2.14217
2.26852
2.41132
2.56685
2.73194
2.9039
3.08056
3.26018
3.44135
3.62283
3.80359
3.98273
4.15952
4.33335
4.5038
4.67054
4.83336
4.99212
5.1468
5.29739
5.44395
5.5866
5.72544
5.86061
5.99229
6.12063
6.24581
6.36801
6.4874
6.60416
6.71846
6.83047
6.94036
7.04829
7.15441
7.25888
7.36186
7.46349
7.5639
7.66324
7.76163
7.85922
7.95613
8.05247
8.14839
8.24398
8.33938
8.43469
8.53002
8.62548
8.72118
8.81722
8.91371
9.01076
9.10846
9.20692
9.30623
9.40649
9.50779
9.61022
9.71387
9.81881
9.92511
10.0328
10.1419
10.2523
10.364
10.4767
10.5902
10.7043
10.8185
10.9325
11.0464
11.1613
11.2789
11.4154
11.5367
1.5837
1.97729
2.13358
2.23533
2.31281
2.37206
2.41541
2.44482
2.46233
2.47008
2.47011
2.4644
2.45474
2.44272
2.42979
2.41717
2.40595
2.39702
2.39113
2.38891
2.39085
2.39734
2.40868
2.4251
2.44675
2.47374
2.50612
2.54392
2.58712
2.63569
2.68957
2.74868
2.81294
2.88223
2.95643
3.03542
3.11905
3.20716
3.29959
3.39615
3.49664
3.60085
3.70855
3.81951
3.93345
4.0501
4.16915
4.29029
4.41319
4.53748
4.66278
4.7887
4.91482
5.04068
5.16582
5.28975
5.41194
5.53183
5.64883
5.7623
5.8716
5.97604
6.07485
6.16713
6.25186
6.32806
6.39497
6.45206
6.49773
6.5295
6.54761
6.55158
6.54092
6.51515
6.47386
6.41669
6.34333
6.25358
6.14733
6.02458
5.88551
5.7305
5.56013
5.37498
5.17553
4.96254
4.73781
4.50407
4.2649
4.02484
3.78946
3.56532
3.36004
3.18042
3.02909
2.91364
2.83499
2.79364
2.78873
2.81769
2.87708
2.96294
3.07123
3.19801
3.33968
3.493
3.65516
3.82376
3.99679
4.17261
4.3499
4.52755
4.70463
4.88035
5.05402
5.22506
5.39302
5.55755
5.7184
5.8754
6.02847
6.17757
6.32272
6.464
6.6015
6.73533
6.86563
6.99256
7.11627
7.23694
7.35473
7.46981
7.58235
7.69251
7.80046
7.90635
8.01036
8.11262
8.21329
8.31252
8.41045
8.50721
8.60294
8.69778
8.79184
8.88526
8.97815
9.07065
9.16285
9.25488
9.34685
9.43886
9.53103
9.62346
9.71625
9.80951
9.90334
9.99785
10.0931
10.1893
10.2864
10.3846
10.484
10.5847
10.6867
10.7901
10.895
11.0014
11.1094
11.2187
11.3295
11.4415
11.5547
11.6688
11.784
11.9008
12.021
12.147
12.2944
12.4293
1.79535
2.24066
2.3977
2.48685
2.54663
2.5856
2.60691
2.61274
2.60524
2.58659
2.55895
2.52435
2.48464
2.44149
2.39637
2.35054
2.30509
2.26092
2.21879
2.17929
2.14293
2.11008
2.08102
2.05598
2.03509
2.01845
2.00611
1.99809
1.99438
1.99495
1.99975
2.0087
2.02175
2.0388
2.05976
2.08453
2.11302
2.1451
2.18067
2.21958
2.26172
2.30694
2.35508
2.40598
2.45947
2.51536
2.57344
2.6335
2.69532
2.75865
2.82323
2.8888
2.95505
3.02171
3.08843
3.15491
3.2208
3.28574
3.34936
3.41127
3.4711
3.52845
3.58294
3.6341
3.6814
3.72437
3.76273
3.79644
3.82504
3.84671
3.86235
3.87225
3.87689
3.87688
3.87296
3.86606
3.85727
3.84781
3.83906
3.83243
3.82934
3.83115
3.83895
3.85312
3.87278
3.89582
3.92005
3.94332
3.96318
3.97776
3.98477
3.98254
3.97212
3.95797
3.9451
3.94028
3.94966
3.97717
4.02476
4.09257
4.17947
4.28349
4.40236
4.53364
4.67503
4.82442
4.97991
5.13987
5.30291
5.46784
5.63368
5.79959
5.96485
6.1288
6.29088
6.45061
6.60759
6.76151
6.91214
7.0593
7.2029
7.3429
7.4793
7.61214
7.7415
7.86746
7.99014
8.10968
8.22621
8.33988
8.45085
8.55927
8.66529
8.76906
8.87074
8.97048
9.06843
9.16474
9.25954
9.35298
9.44519
9.53631
9.62646
9.71578
9.80439
9.8924
9.97995
10.0671
10.1541
10.2409
10.3277
10.4145
10.5016
10.5889
10.6767
10.7649
10.8537
10.9433
11.0336
11.1249
11.2172
11.3105
11.4051
11.5011
11.5984
11.6973
11.7977
11.8998
12.0036
12.1092
12.2164
12.3254
12.4361
12.5487
12.6636
12.7817
12.9054
13.0373
13.1935
13.3374
1.91994
2.41748
2.57937
2.66003
2.70649
2.73015
2.73515
2.72399
2.69891
2.6621
2.61573
2.56185
2.50231
2.43881
2.3728
2.30553
2.23808
2.17132
2.10596
2.04258
1.98163
1.92343
1.86824
1.81623
1.76749
1.72208
1.68002
1.64129
1.60584
1.57362
1.54455
1.51856
1.49555
1.47543
1.45812
1.44352
1.43154
1.42209
1.41507
1.41041
1.40801
1.40778
1.40961
1.41343
1.41911
1.42657
1.43567
1.44631
1.45835
1.47166
1.48608
1.50147
1.51766
1.53448
1.55174
1.56928
1.58689
1.6044
1.62161
1.63834
1.65443
1.66974
1.68415
1.69755
1.70987
1.7211
1.7314
1.74111
1.75047
1.75917
1.76836
1.77906
1.79257
1.81046
1.83462
1.86728
1.91101
1.96867
2.0434
2.13846
2.25706
2.40214
2.57602
2.77986
3.01306
3.27177
3.54993
3.84047
4.13368
4.41989
4.67997
4.90499
5.08972
5.2355
5.34938
5.44065
5.5192
5.59349
5.66974
5.75193
5.84212
5.94102
6.04848
6.16385
6.28625
6.41467
6.54812
6.68561
6.82625
6.96919
7.11367
7.25898
7.40446
7.54952
7.6936
7.83621
7.97693
8.1154
8.25134
8.38454
8.51484
8.64214
8.7664
8.88759
9.00575
9.12093
9.2332
9.34265
9.4494
9.55356
9.65525
9.75462
9.85179
9.94689
10.0401
10.1315
10.2212
10.3094
10.3963
10.4819
10.5663
10.6498
10.7324
10.8143
10.8955
10.9762
11.0565
11.1365
11.2164
11.2961
11.3759
11.4558
11.536
11.6165
11.6974
11.7789
11.861
11.9438
12.0275
12.1122
12.1979
12.2848
12.3729
12.4625
12.5536
12.6462
12.7406
12.8369
12.935
13.0351
13.1374
13.2418
13.3487
13.4584
13.5716
13.6895
13.8149
13.9506
14.1122
14.2623
1.94672
2.49274
2.6657
2.74355
2.78247
2.79699
2.79244
2.77181
2.73743
2.69152
2.63619
2.57344
2.50512
2.43285
2.35807
2.28199
2.20561
2.12977
2.05512
1.98216
1.91128
1.84273
1.77671
1.7133
1.65255
1.59444
1.53892
1.48591
1.43532
1.38702
1.34091
1.29684
1.25469
1.21435
1.17569
1.1386
1.10298
1.06873
1.03576
1.00401
0.973396
0.943866
0.915363
0.887842
0.861261
0.835581
0.810766
0.786783
0.763595
0.741168
0.719465
0.698445
0.678068
0.658291
0.639069
0.62036
0.602127
0.584339
0.566979
0.550049
0.533582
0.517651
0.502381
0.487962
0.474668
0.462903
0.45325
0.446435
0.443194
0.444736
0.452468
0.468043
0.493477
0.531211
0.584169
0.655794
0.750075
0.871526
1.0251
1.21601
1.44948
1.73029
2.0623
2.44784
2.8889
3.37797
3.90224
4.44994
5.00244
5.53658
6.02889
6.46195
6.82333
7.10997
7.3275
7.48755
7.60454
7.69268
7.76395
7.8274
7.88925
7.9535
8.02249
8.09748
8.17894
8.2669
8.36103
8.46083
8.56566
8.67479
8.78748
8.90298
9.02054
9.13945
9.25905
9.3787
9.49787
9.61607
9.73292
9.84807
9.96127
10.0723
10.1811
10.2875
10.3914
10.4929
10.592
10.6887
10.7831
10.8752
10.9652
11.0532
11.1392
11.2233
11.3058
11.3866
11.466
11.5441
11.6209
11.6966
11.7714
11.8452
11.9183
11.9908
12.0627
12.1343
12.2055
12.2765
12.3474
12.4183
12.4894
12.5606
12.6321
12.704
12.7764
12.8495
12.9232
12.9977
13.0731
13.1495
13.2271
13.3059
13.386
13.4677
13.5509
13.6359
13.7227
13.8116
13.9026
13.9959
14.0918
14.1904
14.2921
14.3975
14.5076
14.6239
14.7492
14.8866
15.0508
15.2054
1.87924
2.46026
2.65018
2.73238
2.77058
2.78277
2.77586
2.75349
2.71826
2.67241
2.61801
2.55701
2.49114
2.42197
2.35083
2.27886
2.20698
2.13593
2.06627
1.99841
1.93265
1.86915
1.808
1.7492
1.69272
1.63844
1.58623
1.53594
1.48737
1.44036
1.3947
1.35019
1.30666
1.26393
1.22182
1.18018
1.13888
1.09778
1.0568
1.01583
0.974823
0.933716
0.892481
0.851104
0.809586
0.767946
0.726212
0.684426
0.642642
0.60092
0.559329
0.517943
0.476845
0.436119
0.395861
0.356171
0.317164
0.278969
0.24174
0.205658
0.17095
0.1379
0.10687
0.078322
0.0528438
0.0311886
0.0143011
0.00340186
6.14629e-05
0.00612188
0.0235881
0.0547692
0.102428
0.169892
0.261146
0.380902
0.53464
0.728575
0.969549
1.26477
1.62139
2.04585
2.54288
3.11411
3.75632
4.45959
5.20947
5.98601
6.76299
7.51025
8.1979
8.8008
9.30051
9.68891
9.96925
10.1547
10.2647
10.3205
10.3414
10.343
10.3366
10.3301
10.3284
10.3347
10.3505
10.3765
10.4128
10.4589
10.5141
10.5774
10.6479
10.7245
10.8061
10.8919
10.9807
11.0719
11.1644
11.2578
11.3513
11.4446
11.5371
11.6285
11.7185
11.8071
11.8939
11.979
12.0622
12.1436
12.2231
12.3008
12.3767
12.4509
12.5235
12.5945
12.6641
12.7323
12.7992
12.8651
12.9298
12.9937
13.0567
13.1191
13.1808
13.242
13.3028
13.3634
13.4237
13.484
13.5442
13.6046
13.6652
13.726
13.7873
13.849
13.9113
13.9742
14.038
14.1026
14.1681
14.2348
14.3027
14.3719
14.4425
14.5148
14.5887
14.6646
14.7425
14.8226
14.9052
14.9904
15.0785
15.17
15.2653
15.3652
15.4709
15.584
15.7077
15.8448
16.0093
16.1663
1.72289
2.32332
2.53483
2.62814
2.67241
2.68902
2.68666
2.66991
2.64178
2.60464
2.56059
2.51146
2.4589
2.40433
2.34898
2.29382
2.23965
2.18708
2.13653
2.0883
2.04253
1.9993
1.95855
1.9202
1.88408
1.84998
1.81768
1.78692
1.75742
1.72892
1.70113
1.67377
1.6466
1.61935
1.5918
1.56372
1.53492
1.50524
1.47453
1.44268
1.40959
1.3752
1.33949
1.30245
1.2641
1.2245
1.18374
1.1419
1.09912
1.05554
1.01132
0.96666
0.92174
0.87678
0.832007
0.787667
0.74403
0.701388
0.660067
0.620439
0.58293
0.54805
0.516419
0.488793
0.466078
0.449343
0.439907
0.439746
0.451627
0.477007
0.518808
0.580098
0.664506
0.776359
0.920802
1.10388
1.33258
1.61475
1.9589
2.37383
2.86794
3.44824
4.119
4.87996
5.72448
6.63823
7.60041
8.58331
9.55331
10.4739
11.3099
12.0311
12.6149
13.0498
13.3371
13.4909
13.5359
13.5015
13.4163
13.304
13.1825
13.0639
12.9557
12.8626
12.7867
12.7288
12.6887
12.6653
12.6575
12.6638
12.6824
12.7117
12.7503
12.7965
12.849
12.9065
12.968
13.0324
13.0989
13.1666
13.2351
13.3038
13.3723
13.4402
13.5072
13.5733
13.6381
13.7018
13.764
13.825
13.8846
13.9428
13.9998
14.0556
14.1102
14.1637
14.2163
14.2679
14.3187
14.3688
14.4183
14.4673
14.5158
14.564
14.612
14.6598
14.7076
14.7554
14.8034
14.8516
14.9
14.9489
14.9983
15.0483
15.0989
15.1503
15.2026
15.2558
15.3101
15.3656
15.4224
15.4806
15.5403
15.6018
15.6652
15.7306
15.7982
15.8683
15.9412
16.017
16.0963
16.1795
16.2672
16.3604
16.4604
16.5691
16.6896
16.8248
16.9875
17.1442
1.49367
2.09448
2.32934
2.43939
2.49582
2.52288
2.53119
2.52645
2.51233
2.49151
2.46614
2.43804
2.40872
2.37943
2.35119
2.3248
2.30085
2.27974
2.26173
2.24691
2.2353
2.22678
2.22119
2.21828
2.21777
2.21934
2.22266
2.22735
2.23305
2.23939
2.24601
2.25255
2.25865
2.264
2.26828
2.2712
2.27251
2.27198
2.2694
2.26462
2.25749
2.24794
2.2359
2.22136
2.20435
2.18494
2.16323
2.13936
2.1135
2.08587
2.0567
2.02627
1.99487
1.96283
1.93049
1.89824
1.86649
1.8357
1.80636
1.77904
1.75437
1.73311
1.71616
1.7046
1.69969
1.70283
1.71576
1.74167
1.78428
1.84433
1.92574
2.0325
2.16926
2.34154
2.55582
2.81962
3.14153
3.53101
3.99808
4.55275
5.204
5.95844
6.81861
7.78094
8.83396
9.95729
11.1221
12.2918
13.4244
14.4765
15.4078
16.1853
16.7859
17.1984
17.4251
17.482
17.3983
17.2116
16.9608
16.68
16.3945
16.1215
15.8712
15.6491
15.4571
15.2953
15.1623
15.056
14.9741
14.9139
14.8727
14.8481
14.8377
14.8393
14.8509
14.8709
14.8975
14.9296
14.9658
15.0051
15.0468
15.0901
15.1344
15.1791
15.224
15.2687
15.313
15.3566
15.3995
15.4415
15.4827
15.523
15.5624
15.6009
15.6387
15.6756
15.7119
15.7475
15.7825
15.8171
15.8513
15.8852
15.9188
15.9523
15.9858
16.0193
16.053
16.0868
16.1209
16.1554
16.1904
16.2258
16.2619
16.2987
16.3363
16.3748
16.4142
16.4547
16.4964
16.5393
16.5837
16.6296
16.6772
16.7267
16.7782
16.832
16.8882
16.9471
17.0091
17.0745
17.1438
17.2175
17.2965
17.3819
17.4751
17.5781
17.6941
17.8257
17.985
18.1396
1.21521
1.79408
2.04948
2.17919
2.25196
2.29396
2.3176
2.32989
2.33533
2.33707
2.33744
2.33824
2.34084
2.34627
2.35531
2.36846
2.38604
2.40818
2.43488
2.46601
2.50137
2.54066
2.58353
2.62959
2.67843
2.7296
2.78265
2.83711
2.89253
2.94844
3.0044
3.05997
3.11472
3.16825
3.22019
3.27016
3.31785
3.36296
3.40521
3.44439
3.48031
3.51283
3.54186
3.56736
3.58931
3.60778
3.62287
3.63473
3.64355
3.64958
3.6531
3.65444
3.65397
3.65208
3.64924
3.64592
3.64268
3.64012
3.6389
3.63977
3.64359
3.65138
3.66436
3.68398
3.71183
3.74974
3.80028
3.86956
3.95732
4.06759
4.20458
4.37326
4.57953
4.83037
5.13384
5.49921
5.93676
6.45758
7.07299
7.79365
8.6282
9.58158
10.6528
11.8331
13.1037
14.4355
15.7897
17.1195
18.3741
19.5032
20.4629
21.2195
21.7529
22.0576
22.1421
22.0281
21.7498
21.3516
20.8819
20.3846
19.8936
19.4314
19.0106
18.6367
18.3107
18.0309
17.794
17.5961
17.433
17.3006
17.1948
17.1121
17.0492
17.0029
16.9708
16.9504
16.9397
16.937
16.9406
16.9493
16.962
16.9777
16.9957
17.0153
17.0359
17.0572
17.0789
17.1006
17.1221
17.1434
17.1643
17.1848
17.2048
17.2243
17.2433
17.262
17.2802
17.2981
17.3157
17.3332
17.3504
17.3677
17.3849
17.4023
17.4198
17.4375
17.4555
17.474
17.4929
17.5123
17.5324
17.5531
17.5746
17.5969
17.6201
17.6444
17.6697
17.6963
17.7241
17.7534
17.7842
17.8167
17.851
17.8873
17.9259
17.9668
18.0105
18.0572
18.1073
18.1612
18.2195
18.2829
18.3522
18.4287
18.514
18.6101
18.7203
18.8469
19.0015
19.1527
0.919806
1.45372
1.72129
1.86917
1.95916
2.01797
2.0595
2.09203
2.12095
2.14993
2.18153
2.21752
2.2591
2.30703
2.36172
2.42334
2.49183
2.567
2.64852
2.73599
2.82894
2.92686
3.02921
3.13544
3.24498
3.35727
3.47176
3.58789
3.70513
3.82294
3.9408
4.05822
4.17472
4.28982
4.40309
4.51411
4.62248
4.72785
4.82988
4.9283
5.02284
5.11332
5.19958
5.28152
5.35911
5.43235
5.50132
5.56615
5.62702
5.68417
5.73788
5.78851
5.83644
5.88213
5.92607
5.96885
6.01111
6.05359
6.09712
6.14264
6.19126
6.24431
6.30336
6.37027
6.44699
6.53583
6.64089
6.77065
6.92163
7.10009
7.31129
7.56161
7.85861
8.21109
8.62911
9.12387
9.7075
10.3925
11.191
12.1131
13.1657
14.3497
15.658
17.073
18.5657
20.0952
21.6105
23.0541
24.3668
25.4936
26.3898
27.0254
27.3874
27.4808
27.3258
26.9551
26.4118
25.7471
25.0161
24.2699
23.5487
22.8791
22.2748
21.7405
21.2749
20.8736
20.5309
20.2402
19.9953
19.7902
19.6195
19.4782
19.3622
19.2674
19.1906
19.1289
19.0797
19.0409
19.0106
18.9872
18.9694
18.956
18.9461
18.9389
18.9336
18.9299
18.9273
18.9254
18.9239
18.9228
18.9218
18.9208
18.9197
18.9186
18.9175
18.9162
18.9149
18.9136
18.9124
18.9112
18.9102
18.9094
18.9089
18.9087
18.9089
18.9095
18.9107
18.9125
18.9149
18.9181
18.922
18.9268
18.9325
18.9392
18.947
18.956
18.9661
18.9776
18.9906
19.0051
19.0213
19.0393
19.0593
19.0815
19.1061
19.1334
19.1636
19.1972
19.2344
19.2759
19.3223
19.3744
19.4331
19.4998
19.5762
19.6645
19.7676
19.8882
20.0366
20.1834
0.627274
1.0915
1.35638
1.51478
1.61815
1.69236
1.75216
1.80676
1.8622
1.92249
1.99022
2.06702
2.15379
2.25089
2.35832
2.47579
2.60284
2.73888
2.88324
3.03519
3.19401
3.35896
3.52931
3.70435
3.88339
4.06577
4.25084
4.43799
4.62663
4.81618
5.00608
5.1958
5.38482
5.57264
5.75878
5.94278
6.12421
6.30265
6.47772
6.64908
6.81641
6.97946
7.13802
7.29191
7.44104
7.58537
7.72492
7.85975
7.99001
8.11589
8.23766
8.35561
8.47013
8.58165
8.6907
8.79792
8.90404
9.00994
9.11661
9.22526
9.3373
9.45448
9.57886
9.71275
9.85866
10.0198
10.2036
10.4136
10.6492
10.9178
11.2267
11.5843
12.0001
12.4854
13.0523
13.7141
14.4843
15.3764
16.4018
17.5683
18.8781
20.3247
21.8909
23.5466
25.2486
26.9415
28.5612
30.04
31.3129
32.3246
33.0352
33.4241
33.4915
33.2573
32.7576
32.0404
31.1613
30.1804
29.1581
28.1487
27.1944
26.3215
25.542
24.8575
24.2632
23.7512
23.3122
22.9372
22.6176
22.3458
22.1149
21.9188
21.7525
21.6112
21.4912
21.389
21.3017
21.2269
21.1623
21.1063
21.0572
21.0138
20.9749
20.9396
20.9073
20.8772
20.849
20.8221
20.7962
20.7712
20.7469
20.723
20.6996
20.6765
20.6538
20.6314
20.6093
20.5875
20.5661
20.5451
20.5246
20.5045
20.4851
20.4662
20.448
20.4305
20.4137
20.3978
20.3827
20.3685
20.3553
20.3432
20.3322
20.3223
20.3136
20.3063
20.3004
20.2959
20.2931
20.2919
20.2926
20.2953
20.3001
20.3073
20.3171
20.3299
20.3458
20.3654
20.389
20.4173
20.451
20.4909
20.5382
20.5943
20.661
20.7404
20.8356
20.9489
21.0903
21.2319
0.435897
0.836398
1.08141
1.23308
1.3359
1.41474
1.48447
1.5545
1.63088
1.71742
1.81642
1.92908
2.05586
2.19666
2.35104
2.5183
2.6976
2.88799
3.08853
3.29826
3.51622
3.74151
3.97328
4.2107
4.453
4.69945
4.94937
5.2021
5.45704
5.7136
5.9712
6.22932
6.48742
6.74499
7.00156
7.25664
7.50977
7.76052
8.00848
8.25325
8.49451
8.73192
8.96523
9.19422
9.41874
9.63869
9.85402
10.0648
10.271
10.4729
10.6705
10.8643
11.0544
11.2414
11.4257
11.608
11.7891
11.9702
12.1523
12.3372
12.5266
12.723
12.9291
13.148
13.3833
13.6408
13.9321
14.2488
14.6006
14.9955
15.4429
15.9534
16.5391
17.2135
17.9911
18.8864
19.9139
21.0856
22.41
23.889
25.5156
27.2709
29.1222
31.022
32.9091
34.7119
36.3535
37.7593
38.8642
39.6198
39.9992
39.9993
39.6403
38.9618
38.0189
36.8759
35.602
34.2666
32.9352
31.6629
30.4894
29.4359
28.5084
27.7019
27.006
26.4079
25.8947
25.4545
25.0768
24.7523
24.473
24.2322
24.024
23.8435
23.6863
23.5489
23.4281
23.3211
23.2258
23.1402
23.0626
22.9917
22.9262
22.8652
22.8078
22.7535
22.7015
22.6516
22.6033
22.5564
22.5106
22.4659
22.422
22.3789
22.3365
22.2948
22.2538
22.2135
22.174
22.1351
22.097
22.0597
22.0233
21.9877
21.953
21.9192
21.8865
21.8547
21.824
21.7944
21.766
21.7388
21.7128
21.6882
21.6649
21.643
21.6227
21.6041
21.5871
21.5719
21.5588
21.5477
21.539
21.5328
21.5294
21.5291
21.5322
21.5392
21.5507
21.5672
21.5895
21.6187
21.6558
21.7025
21.7605
21.8322
21.9204
22.0276
22.1628
22.3004
0.304329
0.644032
0.860828
0.997975
1.09453
1.17409
1.25117
1.33479
1.43049
1.54152
1.66957
1.81526
1.9785
2.15873
2.35506
2.56641
2.79165
3.02957
3.27901
3.53885
3.80799
4.08544
4.37026
4.66158
4.95859
5.26055
5.56676
5.87658
6.1894
6.50465
6.82179
7.14029
7.45965
7.77937
8.09899
8.41802
8.73603
9.05255
9.36717
9.67949
9.98913
10.2957
10.599
10.8987
11.1946
11.4866
11.7746
12.0585
12.3383
12.6142
12.8862
13.1545
13.4194
13.6812
13.9404
14.1977
14.4542
14.7108
14.9693
15.2315
15.4998
15.7772
16.0675
16.3747
16.7043
17.0681
17.467
17.9017
18.3821
18.9178
19.5197
20.2005
20.9742
21.8555
22.8597
24.0014
25.293
26.7429
28.3533
30.1166
32.0136
34.0106
36.0583
38.093
40.0386
41.8131
43.3347
44.5309
45.3457
45.7458
45.7235
45.297
44.5068
43.4111
42.0799
40.5885
39.0129
37.4247
35.8871
34.4499
33.1456
31.9886
30.9781
30.104
29.3515
28.7046
28.1483
27.669
27.255
26.8965
26.5849
26.3132
26.0754
25.8662
25.6815
25.5173
25.3706
25.2386
25.1191
25.0099
24.9094
24.8163
24.7292
24.6471
24.5693
24.495
24.4237
24.3548
24.2881
24.2231
24.1597
24.0977
24.037
23.9774
23.9189
23.8614
23.805
23.7495
23.6951
23.6416
23.5892
23.5379
23.4876
23.4384
23.3903
23.3433
23.2975
23.253
23.2096
23.1675
23.1267
23.0872
23.0491
23.0125
22.9773
22.9437
22.9117
22.8814
22.8529
22.8264
22.8019
22.7796
22.7598
22.7426
22.7283
22.7173
22.7099
22.7067
22.7081
22.715
22.7281
22.7485
22.7775
22.8167
22.868
22.9337
23.0166
23.1193
23.25
23.3854
0.224932
0.507159
0.685236
0.796691
0.878023
0.9519
1.03202
1.12646
1.23969
1.37394
1.52998
1.70766
1.90622
2.12451
2.36121
2.61489
2.8841
3.16744
3.46355
3.77118
4.08915
4.4164
4.75192
5.09484
5.44432
5.79962
6.16005
6.525
6.89387
7.26612
7.64125
8.01874
8.39815
8.77901
9.16087
9.54329
9.92582
10.308
10.6895
11.0699
11.4488
11.8257
12.2005
12.5728
12.9424
13.3091
13.6727
14.0333
14.3907
14.7451
15.0963
15.4445
15.79
16.1329
16.4737
16.8134
17.1529
17.4938
17.8378
18.1877
18.5464
18.9182
19.3077
19.7208
20.1673
20.6586
21.1871
21.7639
22.3995
23.105
23.8934
24.7786
25.7757
26.9001
28.1661
29.586
31.168
32.9133
34.814
36.8497
38.9854
41.1704
43.3382
45.4095
47.2975
48.915
50.1831
51.0398
51.4463
51.3912
50.8911
49.9876
48.7419
47.2289
45.5299
43.727
41.8974
40.1102
38.4219
36.8737
35.4885
34.2723
33.2175
32.3088
31.5276
30.8554
30.2754
29.7731
29.3364
28.9549
28.6204
28.3256
28.0646
27.8324
27.6246
27.4378
27.2686
27.1145
26.9732
26.8426
26.7212
26.6076
26.5004
26.3987
26.3017
26.2086
26.1189
26.0321
25.9478
25.8658
25.7856
25.7073
25.6305
25.5553
25.4815
25.4091
25.338
25.2682
25.1997
25.1325
25.0666
25.002
24.9387
24.8767
24.816
24.7567
24.6987
24.6421
24.5869
24.5331
24.4808
24.4299
24.3805
24.3327
24.2864
24.2419
24.199
24.1579
24.1187
24.0816
24.0466
24.0139
23.9837
23.9563
23.9319
23.911
23.8938
23.881
23.8732
23.8711
23.8756
23.8879
23.9094
23.9416
23.9866
24.0467
24.1248
24.2233
24.3498
24.4839
0.182806
0.411236
0.541312
0.617562
0.676205
0.739413
0.81973
0.923656
1.05404
1.21167
1.39611
1.60623
1.84046
2.09707
2.37423
2.67014
2.98307
3.31139
3.65361
4.00835
4.37436
4.75051
5.13579
5.52928
5.93016
6.33768
6.75119
7.17009
7.59382
8.02187
8.45379
8.88912
9.32745
9.76837
10.2115
10.6564
11.1027
11.55
11.9979
12.4461
12.8942
13.3417
13.7885
14.2342
14.6786
15.1216
15.5629
16.0026
16.4404
16.8766
17.3109
17.7434
18.1742
18.6037
19.0323
19.4611
19.8913
20.3249
20.7646
21.2135
21.6762
22.1578
22.6652
23.208
23.8021
24.4364
25.1221
25.8703
26.6927
27.6024
28.6133
29.7404
30.9986
32.402
33.962
35.6858
37.5735
39.6158
41.7908
44.0619
46.3759
48.6642
50.8444
52.8258
54.5171
55.8345
56.7115
57.1055
57.0028
56.4193
55.3977
54.0026
52.3134
50.4166
48.3992
46.343
44.3211
42.3943
40.6095
38.9975
37.5717
36.3303
35.2598
34.3405
33.5509
32.8705
32.2815
31.7688
31.3199
30.9247
30.575
30.2637
29.9854
29.735
29.5087
29.3028
29.1145
28.9412
28.7806
28.631
28.4907
28.3584
28.2328
28.113
27.9982
27.8877
27.7809
27.6774
27.5767
27.4786
27.3827
27.2891
27.1973
27.1074
27.0193
26.9329
26.8481
26.7649
26.6833
26.6032
26.5248
26.4478
26.3724
26.2986
26.2262
26.1555
26.0862
26.0186
25.9524
25.8879
25.8249
25.7635
25.7038
25.6457
25.5893
25.5347
25.4818
25.4309
25.3819
25.3351
25.2904
25.2482
25.2085
25.1718
25.1381
25.1081
25.082
25.0604
25.0441
25.0338
25.0304
25.0353
25.0498
25.0756
25.1149
25.17
25.2437
25.3384
25.4612
25.5947
0.182098
0.350616
0.427191
0.462088
0.49359
0.54409
0.624667
0.739675
0.889782
1.07397
1.29041
1.53679
1.81066
2.10952
2.43099
2.7728
3.1329
3.50939
3.9006
4.305
4.72125
5.14817
5.58469
6.02988
6.48293
6.94312
7.4098
7.88242
8.36049
8.84358
9.33126
9.8232
10.319
10.8185
11.3212
11.8269
12.3353
12.846
13.3587
13.8732
14.3891
14.9061
15.424
15.9424
16.4614
16.9806
17.5001
18.0197
18.5395
19.0593
19.5793
20.0993
20.6194
21.14
21.6617
22.1859
22.7144
23.2499
23.7961
24.3575
24.9402
25.5517
26.2025
26.9103
27.6641
28.4724
29.347
30.3003
31.3455
32.4966
33.7681
35.1742
36.728
38.4398
40.315
42.352
44.5393
46.8529
49.2537
51.6863
54.0794
56.348
58.3986
60.1366
61.4755
62.346
62.7039
62.5345
61.8543
60.7081
59.1637
57.3044
55.2211
53.0047
50.7404
48.503
46.3558
44.3484
42.5165
40.8805
39.4458
38.2042
37.1381
36.2246
35.4403
34.7635
34.1756
33.6613
33.2081
32.8061
32.4473
32.1251
31.8341
31.5699
31.3287
31.1073
30.9029
30.7131
30.5358
30.3694
30.2123
30.0631
29.9209
29.7847
29.6537
29.5271
29.4046
29.2856
29.1698
29.0568
28.9465
28.8386
28.733
28.6295
28.5281
28.4287
28.3313
28.2357
28.142
28.0501
27.9601
27.8718
27.7853
27.7006
27.6176
27.5364
27.4569
27.3791
27.3031
27.2287
27.1561
27.0853
27.0161
26.9488
26.8832
26.8195
26.7577
26.6979
26.6401
26.5844
26.5311
26.4803
26.4321
26.3869
26.345
26.3067
26.2725
26.2431
26.219
26.2013
26.1908
26.189
26.1972
26.2173
26.2515
26.302
26.3718
26.4633
26.5828
26.7166
0.242256
0.330504
0.34501
0.335367
0.339865
0.381782
0.470704
0.607884
0.790868
1.01622
1.28017
1.57878
1.90822
2.26487
2.64543
3.04696
3.46686
3.90284
4.35296
4.81554
5.28912
5.77249
6.26458
6.76452
7.27155
7.78506
8.30454
8.82957
9.35983
9.89504
10.435
10.9794
11.5283
12.0815
12.6387
13.2
13.7651
14.3339
14.9061
15.4818
16.0606
16.6424
17.2271
17.8144
18.4044
18.9969
19.592
20.1898
20.7902
21.3934
21.9993
22.6079
23.2192
23.8338
24.4528
25.0779
25.7122
26.3594
27.0247
27.715
28.4388
29.2074
30.0407
30.9253
31.8691
32.8836
33.9813
35.1755
36.4801
37.9088
39.4749
41.1898
43.062
45.0948
47.2839
49.6152
52.0616
54.5813
57.1162
59.5924
61.9227
64.0117
65.7633
67.09
67.9221
68.2157
67.9574
67.1657
65.8879
64.195
62.1735
59.9176
57.5208
55.0699
52.6405
50.2957
48.0859
46.0486
44.209
42.579
41.1575
39.9323
38.883
37.9851
37.2142
36.5479
35.9674
35.4571
35.0048
34.6008
34.2374
33.9084
33.6087
33.3343
33.0815
32.8476
32.6298
32.4261
32.2345
32.0535
31.8816
31.7176
31.5606
31.4096
31.2639
31.1229
30.9861
30.8531
30.7234
30.5969
30.4733
30.3524
30.2341
30.1182
30.0047
29.8934
29.7844
29.6775
29.5728
29.4702
29.3696
29.271
29.1745
29.08
28.9874
28.8967
28.808
28.7211
28.6362
28.5531
28.4719
28.3925
28.3151
28.2395
28.1658
28.094
28.0242
27.9565
27.8909
27.8275
27.7665
27.708
27.6523
27.5996
27.5503
27.5047
27.4634
27.4269
27.3961
27.3717
27.3549
27.3471
27.3498
27.3648
27.3944
27.4409
27.5074
27.5962
27.713
27.8479
0.412351
0.348061
0.276756
0.221463
0.22594
0.3045
0.458965
0.681865
0.963363
1.29486
1.66852
2.07709
2.51419
2.97437
3.45313
3.94681
4.45248
4.96784
5.49111
6.02092
6.55623
7.09625
7.64044
8.18841
8.73994
9.29493
9.8534
10.4155
10.9813
11.551
12.125
12.7034
13.2865
13.8745
14.4677
15.0663
15.6703
16.2799
16.8952
17.5162
18.1429
18.7753
19.4134
20.0573
20.7069
21.3624
22.0238
22.6915
23.3656
24.0462
24.7334
25.4271
26.1276
26.8356
27.5531
28.283
29.0297
29.7991
30.5989
31.4396
32.3351
33.3019
34.3247
35.4129
36.5773
37.8298
39.1834
40.651
42.2455
43.9786
45.8598
47.895
50.0848
52.4215
54.8877
57.4529
60.0721
62.6842
65.2131
67.57
69.6588
71.3837
72.6584
73.4152
73.6131
73.2419
72.3233
70.9079
69.0694
66.8966
64.4852
61.9297
59.3167
56.7211
54.2048
51.8168
49.5947
47.5657
45.746
44.1414
42.7465
41.5466
40.5202
39.6423
38.8882
38.2355
37.6652
37.162
36.7137
36.3108
35.9459
35.6132
35.3078
35.026
34.7645
34.5207
34.2922
34.077
33.8734
33.6799
33.4953
33.3185
33.1485
32.9845
32.8258
32.672
32.5224
32.3768
32.2347
32.096
31.9604
31.8278
31.698
31.5709
31.4464
31.3245
31.205
31.0879
30.9733
30.8609
30.7509
30.6431
30.5376
30.4343
30.3331
30.2341
30.1371
30.0422
29.9494
29.8586
29.7698
29.683
29.5982
29.5154
29.4346
29.3558
29.279
29.2044
29.132
29.0619
28.9942
28.9291
28.8669
28.8077
28.7519
28.7
28.6524
28.6098
28.573
28.5428
28.5205
28.5075
28.5052
28.5158
28.5414
28.5845
28.6481
28.7348
28.8493
28.9861
0.569691
0.200711
0.172185
0.336013
0.642578
1.06552
1.57163
2.13158
2.7239
3.33496
3.9545
4.57477
5.1905
5.79849
6.39708
6.98564
7.56423
8.13339
8.69389
9.24666
9.79274
10.3332
10.8692
11.402
11.9328
12.4628
12.9932
13.5254
14.0606
14.5998
15.1441
15.6946
16.2521
16.8175
17.3915
17.9748
18.5677
19.1708
19.7845
20.4089
21.0443
21.6908
22.3485
23.0174
23.6978
24.3897
25.0934
25.8092
26.5374
27.2782
28.0316
28.7975
29.5766
30.3703
31.1818
32.0162
32.8804
33.7839
34.7381
35.7635
36.8628
38.0248
39.2592
40.5759
41.9861
43.5015
45.1338
46.8942
48.7925
50.8355
53.0262
55.3615
57.8302
60.4107
63.0689
65.7562
68.4089
70.9489
73.2869
75.3278
76.9779
78.1549
78.7957
78.8645
78.3562
77.297
75.7408
73.7632
71.4539
68.9081
66.2189
63.4709
60.7369
58.0763
55.5363
53.1533
50.9543
48.9581
47.1748
45.6059
44.2435
43.0719
42.0694
41.2117
40.4743
39.8352
39.2757
38.7804
38.3374
37.9374
37.573
37.2387
36.93
36.6433
36.3755
36.1242
35.8873
35.6629
35.4496
35.2458
35.0506
34.8629
34.6818
34.5066
34.3367
34.1716
34.0109
33.8542
33.7013
33.5518
33.4056
33.2626
33.1226
32.9855
32.8513
32.7198
32.591
32.4649
32.3414
32.2205
32.1021
31.9861
31.8726
31.7616
31.6528
31.5464
31.4423
31.3404
31.2407
31.1432
31.0478
30.9546
30.8634
30.7744
30.6874
30.6026
30.5199
30.4395
30.3612
30.2854
30.212
30.1413
30.0734
30.0087
29.9474
29.8901
29.8371
29.7893
29.7473
29.7121
29.685
29.6674
29.6609
29.6676
29.6897
29.7299
29.7911
29.8761
29.9888
30.1283
1.45506
2.25952
3.90627
5.47281
6.84563
8.02943
9.04222
9.97331
10.8224
11.5922
12.2895
12.9225
13.5002
14.0313
14.5238
14.9842
15.4181
15.8302
16.2242
16.6037
16.9717
17.331
17.6845
18.0347
18.3841
18.735
19.0897
19.4501
19.8183
20.196
20.5849
20.9865
21.4024
21.8339
22.2822
22.7485
23.2336
23.7383
24.2634
24.8093
25.3764
25.9649
26.5749
27.2065
27.8598
28.5348
29.2318
29.9509
30.6925
31.4567
32.2434
33.0525
33.8852
34.7445
35.6363
36.5691
37.5554
38.6099
39.7529
40.9678
42.2551
43.623
45.0803
46.6369
48.3025
50.0871
51.9995
54.0466
56.2322
58.5556
61.0096
63.5788
66.2374
68.9472
71.6563
74.2987
76.7953
79.0577
80.9936
82.5143
83.5438
84.0266
83.934
83.2678
82.0588
80.3638
78.2593
75.8333
73.1784
70.3837
67.53
64.6863
61.9091
59.2432
56.7234
54.3761
52.2207
50.2701
48.5303
47
45.6703
44.5255
43.5446
42.7042
41.981
41.3535
40.8033
40.3153
39.8776
39.4809
39.1182
38.7839
38.4737
38.184
37.912
37.6555
37.4125
37.1812
36.9602
36.7484
36.5447
36.3481
36.1579
35.9735
35.7942
35.6197
35.4495
35.2834
35.1211
34.9623
34.807
34.655
34.5061
34.3603
34.2176
34.0778
33.9409
33.8068
33.6756
33.5471
33.4214
33.2984
33.1779
33.0601
32.9448
32.832
32.7217
32.6137
32.5081
32.4048
32.3039
32.2051
32.1086
32.0143
31.9222
31.8323
31.7446
31.6592
31.5761
31.4954
31.4173
31.3419
31.2693
31.1999
31.1341
31.0721
31.0147
30.9624
30.916
30.8766
30.8453
30.8237
30.8136
30.8168
30.836
30.8736
30.9327
31.0165
31.1277
31.2706
52.0906
49.2825
46.6193
44.0025
41.5653
39.4269
37.6201
36.0371
34.6792
33.543
32.6095
31.8513
31.2379
30.74
30.3323
29.994
29.7098
29.4683
29.2623
29.0871
28.9399
28.8191
28.7237
28.6535
28.608
28.5872
28.591
28.6197
28.6735
28.7526
28.8577
28.9893
29.1482
29.3353
29.5515
29.7978
30.0751
30.3844
30.7264
31.1019
31.5115
31.9558
32.4352
32.9498
33.4999
34.0859
34.7078
35.3661
36.061
36.7928
37.5613
38.3667
39.2118
40.103
41.053
42.0745
43.1969
44.4119
45.7029
47.079
48.5465
50.1124
51.7844
53.5704
55.4774
57.5114
59.6761
61.9716
64.393
66.9288
69.559
72.2532
74.9689
77.6509
80.2312
82.6307
84.7633
86.5415
87.8841
88.724
89.0156
88.7397
87.9054
86.5486
84.7277
82.518
80.0036
77.2716
74.405
71.4783
68.5559
65.6904
62.9242
60.2908
57.816
55.5196
53.4158
51.5136
49.8165
48.3216
47.0199
45.8962
44.9311
44.1026
43.3886
42.7686
42.2245
41.7417
41.3081
40.9146
40.5539
40.2205
39.9101
39.6193
39.3452
39.0857
38.8389
38.6031
38.377
38.1596
37.9498
37.7468
37.5499
37.3585
37.1721
36.9904
36.8129
36.6394
36.4697
36.3036
36.141
35.9817
35.8257
35.6729
35.5233
35.3767
35.2332
35.0927
34.9552
34.8206
34.6889
34.56
34.434
34.3107
34.1901
34.0721
33.9568
33.844
33.7337
33.6258
33.5204
33.4173
33.3166
33.2182
33.122
33.0282
32.9367
32.8475
32.7606
32.6763
32.5945
32.5154
32.4393
32.3663
32.2969
32.2314
32.1704
32.1146
32.0648
32.022
31.9874
31.9626
31.9494
31.9499
31.9666
32.0022
32.0597
32.1426
32.2529
32.3996
81.8598
80.8202
79.6651
78.2874
76.6798
74.883
72.9245
70.8246
68.615
66.3356
64.033
61.7553
59.5462
57.4419
55.4691
53.6444
51.9751
50.4609
49.0957
47.8698
46.7714
45.7882
44.9084
44.1211
43.4171
42.7885
42.2287
41.7326
41.2961
40.9159
40.5895
40.3149
40.0907
39.9158
39.7895
39.7112
39.6807
39.6981
39.7635
39.8773
40.04
40.2521
40.5141
40.8266
41.1903
41.6057
42.0736
42.5947
43.1698
43.7995
44.484
45.225
46.0306
46.9145
47.91
49.0244
50.2305
51.5316
52.9311
54.4338
56.0449
57.7693
59.6116
61.5758
63.664
65.8757
68.2068
70.6477
73.1823
75.7861
78.4246
81.0526
83.6132
86.0391
88.2546
90.1797
91.7357
92.852
93.4729
93.5633
93.1124
92.1342
90.6658
88.7633
86.4967
83.9431
81.1812
78.2863
75.3264
72.3603
69.4375
66.5983
63.8754
61.2945
58.876
56.6353
54.5835
52.7272
51.0684
49.6036
48.3239
47.2154
46.2602
45.4382
44.7288
44.1123
43.5715
43.0918
42.6613
42.2706
41.9123
41.5809
41.2718
40.9815
40.7074
40.447
40.1986
39.9606
39.7318
39.511
39.2974
39.0902
38.8887
38.6924
38.5009
38.3137
38.1307
37.9515
37.776
37.604
37.4354
37.2702
37.1082
36.9495
36.7939
36.6416
36.4923
36.3462
36.2032
36.0632
35.9262
35.7922
35.6611
35.5329
35.4076
35.285
35.1652
35.0481
34.9336
34.8216
34.7122
34.6053
34.5008
34.3987
34.299
34.2017
34.1067
34.0142
33.924
33.8364
33.7514
33.6691
33.5898
33.5136
33.441
33.3724
33.3082
33.2492
33.1961
33.1501
33.1124
33.0845
33.0683
33.066
33.0801
33.1134
33.1691
33.2509
33.36
33.5105
95.3647
94.9479
94.541
94.1062
93.6187
93.0739
92.459
91.753
90.9342
89.9837
88.8872
87.6369
86.2322
84.6807
82.9973
81.2041
79.3279
77.3988
75.4478
73.5049
71.5973
69.7485
67.9771
66.2974
64.7187
63.2464
61.8824
60.6262
59.4751
58.4254
57.4724
56.6114
55.8379
55.1476
54.5367
54.002
53.5406
53.1506
52.8303
52.5786
52.3948
52.2785
52.2298
52.2488
52.3363
52.4929
52.7197
53.0182
53.3902
53.8372
54.361
54.9702
55.6948
56.57
57.5618
58.662
59.8742
61.2013
62.646
64.2105
65.8964
67.7047
69.6347
71.6836
73.8458
76.1115
78.4654
80.8859
83.3433
85.7992
88.2057
90.5059
92.6351
94.5237
96.1013
97.3015
98.0682
98.3599
98.1544
97.4507
96.2682
94.6452
92.6347
90.2998
87.7085
84.9294
82.0271
79.0605
76.0809
73.1324
70.2521
67.4706
64.8131
62.3003
59.9483
57.7697
55.7734
53.9644
52.3437
50.9074
49.6474
48.5509
47.6019
46.7821
46.0727
45.4556
44.9143
44.4346
44.0048
43.6153
43.2585
42.9286
42.6209
42.3317
42.0582
41.798
41.5492
41.3103
41.0801
40.8573
40.6413
40.4311
40.2263
40.0263
39.8306
39.639
39.4513
39.2672
39.0866
38.9093
38.7353
38.5646
38.397
38.2326
38.0714
37.9133
37.7584
37.6066
37.458
37.3125
37.1701
37.0307
36.8944
36.761
36.6306
36.5031
36.3785
36.2566
36.1375
36.0211
35.9073
35.7961
35.6875
35.5813
35.4777
35.3765
35.2777
35.1813
35.0875
34.9962
34.9076
34.8217
34.7387
34.659
34.5827
34.5104
34.4425
34.3798
34.323
34.2732
34.2316
34.1999
34.1799
34.1739
34.1844
34.2145
34.2674
34.347
34.454
34.6073
99.1115
98.941
98.794
98.6531
98.5097
98.3703
98.2399
98.1167
97.9942
97.863
97.7115
97.5264
97.2934
96.9979
96.6254
96.1625
95.598
94.9234
94.1335
93.2274
92.2082
91.0832
89.8634
88.5632
87.1992
85.7898
84.354
82.9106
81.4774
80.0709
78.7054
77.3933
76.1446
74.9673
73.8671
72.8484
71.9138
71.065
70.3026
69.6268
69.0375
68.5343
68.1171
67.7856
67.5401
67.3812
67.31
67.3284
67.4394
67.6456
67.9531
68.4173
69.0379
69.7792
70.6466
71.6413
72.7641
74.0154
75.3946
76.8998
78.5276
80.2724
82.1259
84.0764
86.1079
88.1991
90.3228
92.4448
94.5238
96.5119
98.3547
99.9944
101.372
102.43
103.12
103.402
103.251
102.659
101.634
100.199
98.3915
96.2589
93.8546
91.2349
88.455
85.5675
82.6202
79.6559
76.7122
73.8218
71.0129
68.3094
65.7317
63.2964
61.0172
58.9045
56.9658
55.205
53.6224
52.2143
50.973
49.887
48.942
48.1217
47.4093
46.788
46.2427
45.7597
45.3277
44.9371
44.5801
44.2506
43.9437
43.6556
43.3832
43.1238
42.8757
42.6371
42.4067
42.1835
41.9664
41.7549
41.5482
41.3459
41.1476
40.953
40.7619
40.574
40.3894
40.2079
40.0294
39.8539
39.6815
39.5121
39.3457
39.1824
39.0222
38.8651
38.7111
38.5603
38.4125
38.2678
38.1262
37.9876
37.8521
37.7195
37.5898
37.4631
37.3392
37.218
37.0996
36.9838
36.8707
36.7602
36.6522
36.5467
36.4438
36.3433
36.2454
36.15
36.0573
35.9674
35.8804
35.7966
35.7163
35.6398
35.5677
35.5007
35.4395
35.3852
35.3391
35.3028
35.2781
35.2674
35.2734
35.2992
35.3481
35.4244
35.5283
35.683
100.141
100.041
99.9625
99.9012
99.8561
99.8333
99.838
99.8716
99.9323
100.017
100.122
100.243
100.373
100.509
100.642
100.766
100.875
100.959
101.011
101.023
100.986
100.893
100.737
100.513
100.215
99.8407
99.3896
98.8627
98.2631
97.5962
96.8689
96.09
95.2694
94.4183
93.5481
92.6707
91.798
90.9415
90.112
89.3197
88.5742
87.8837
87.2558
86.6975
86.2149
85.8136
85.4995
85.2783
85.1561
85.1379
85.2745
85.5534
85.9551
86.4826
87.1368
87.9173
88.8223
89.8485
90.9906
92.2415
93.5911
95.0266
96.5312
98.0844
99.661
101.231
102.759
104.206
105.529
106.683
107.621
108.3
108.682
108.735
108.437
107.779
106.763
105.4
103.714
101.736
99.5038
97.0575
94.4388
91.6887
88.8467
85.9495
83.0313
80.1234
77.2541
74.4487
71.7298
69.117
66.6274
64.2751
62.0719
60.0269
58.1464
56.4337
54.8889
53.5084
52.2851
51.2089
50.2669
49.4446
48.727
48.099
47.5467
47.0575
46.6202
46.2257
45.8662
45.5354
45.2281
44.9403
44.6686
44.4103
44.1634
43.9259
43.6965
43.474
43.2575
43.046
42.8391
42.6362
42.4369
42.2409
42.048
41.858
41.6709
41.4865
41.3048
41.1259
40.9497
40.7763
40.6058
40.4381
40.2734
40.1117
39.9529
39.7972
39.6445
39.4949
39.3483
39.2047
39.0641
38.9266
38.792
38.6603
38.5315
38.4055
38.2823
38.1618
38.044
37.9289
37.8163
37.7063
37.5989
37.494
37.3916
37.2918
37.1947
37.1003
37.0089
36.9206
36.8357
36.7545
36.6777
36.6058
36.5396
36.4801
36.4287
36.3868
36.3565
36.3401
36.3404
36.3606
36.4042
36.4759
36.5754
36.73
100.524
100.466
100.427
100.405
100.403
100.422
100.468
100.543
100.646
100.779
100.939
101.124
101.334
101.565
101.815
102.08
102.359
102.646
102.94
103.237
103.533
103.824
104.107
104.377
104.632
104.866
105.076
105.258
105.41
105.528
105.61
105.654
105.66
105.628
105.559
105.454
105.318
105.153
104.965
104.76
104.545
104.325
104.109
103.906
103.723
103.569
103.455
103.388
103.378
103.45
103.601
103.806
104.075
104.413
104.825
105.313
105.875
106.509
107.209
107.965
108.765
109.592
110.429
111.251
112.034
112.749
113.366
113.854
114.181
114.319
114.24
113.922
113.351
112.515
111.411
110.045
108.427
106.572
104.501
102.239
99.8115
97.2458
94.5701
91.8125
89.0006
86.1615
83.3211
80.5038
77.7326
75.0287
72.4109
69.8961
67.4992
65.2326
63.1067
61.1295
59.3068
57.6414
56.1333
54.7794
53.5732
52.5058
51.5659
50.7405
50.0163
49.3797
48.8181
48.3197
47.8744
47.473
47.1082
46.7736
46.4639
46.1748
45.9028
45.6449
45.3989
45.1628
44.935
44.7142
44.4992
44.2892
44.0835
43.8816
43.683
43.4874
43.2945
43.1042
42.9163
42.7308
42.5476
42.3668
42.1884
42.0125
41.8392
41.6685
41.5004
41.3351
41.1726
41.0129
40.8561
40.7022
40.5512
40.4032
40.2581
40.1159
39.9767
39.8403
39.7068
39.5761
39.4482
39.323
39.2005
39.0807
38.9634
38.8487
38.7366
38.627
38.5199
38.4154
38.3135
38.2144
38.118
38.0248
37.9348
37.8485
37.7663
37.6889
37.6169
37.5515
37.4939
37.4456
37.4086
37.3853
37.3785
37.3918
37.4286
37.4941
37.588
37.7406
100.715
100.685
100.671
100.673
100.693
100.734
100.8
100.892
101.011
101.159
101.333
101.534
101.761
102.011
102.284
102.578
102.891
103.221
103.567
103.928
104.3
104.684
105.076
105.476
105.881
106.29
106.701
107.112
107.523
107.93
108.334
108.732
109.123
109.507
109.881
110.247
110.603
110.949
111.287
111.616
111.939
112.257
112.572
112.888
113.208
113.535
113.873
114.226
114.602
114.995
115.381
115.763
116.139
116.511
116.878
117.24
117.595
117.941
118.272
118.583
118.865
119.108
119.301
119.429
119.477
119.429
119.267
118.975
118.538
117.94
117.171
116.22
115.083
113.755
112.238
110.537
108.659
106.615
104.417
102.083
99.6289
97.0746
94.4405
91.7482
89.0196
86.2766
83.5408
80.833
78.1731
75.5792
73.068
70.6546
68.352
66.1716
64.1226
62.2125
60.4462
58.8264
57.3533
56.0242
54.8335
53.7735
52.8341
52.0041
51.2716
50.6244
50.0511
49.541
49.0846
48.6734
48.3002
47.9587
47.6438
47.351
47.0766
46.8176
46.5715
46.336
46.1095
45.8904
45.6776
45.4698
45.2665
45.0669
44.8705
44.6769
44.4857
44.2968
44.1101
43.9253
43.7426
43.5618
43.3831
43.2065
43.0321
42.86
42.6902
42.5228
42.3579
42.1956
42.0359
41.8788
41.7245
41.573
41.4242
41.2781
41.1349
40.9944
40.8567
40.7217
40.5894
40.4598
40.3328
40.2083
40.0864
39.9671
39.8502
39.7358
39.6239
39.5144
39.4075
39.3032
39.2017
39.1031
39.0076
38.9156
38.8274
38.7438
38.6654
38.5932
38.5285
38.4727
38.4278
38.3963
38.3812
38.3858
38.4143
38.4719
38.5585
38.7069
100.824
100.813
100.816
100.833
100.868
100.923
101
101.1
101.226
101.377
101.554
101.756
101.983
102.233
102.506
102.801
103.116
103.449
103.801
104.17
104.553
104.951
105.362
105.785
106.219
106.663
107.115
107.575
108.042
108.515
108.992
109.474
109.959
110.447
110.936
111.427
111.918
112.41
112.901
113.392
113.883
114.373
114.863
115.352
115.841
116.33
116.82
117.31
117.795
118.268
118.727
119.17
119.593
119.993
120.366
120.707
121.012
121.275
121.49
121.651
121.751
121.781
121.732
121.597
121.364
121.026
120.571
119.991
119.278
118.423
117.419
116.264
114.952
113.484
111.86
110.085
108.164
106.106
103.921
101.622
99.2232
96.7415
94.1941
91.5996
88.977
86.3457
83.7247
81.1323
78.5862
76.1028
73.6969
71.3823
69.1708
67.0727
65.0966
63.2493
61.5353
59.9574
58.5157
57.2081
56.0299
54.9744
54.0331
53.1961
52.4529
51.7928
51.2054
50.681
50.2107
49.7868
49.4023
49.0511
48.7282
48.4292
48.1503
47.8884
47.6408
47.4051
47.1795
46.9622
46.7519
46.5474
46.3477
46.1521
45.96
45.7707
45.5839
45.3993
45.2166
45.0358
44.8567
44.6793
44.5037
44.3298
44.1578
43.9877
43.8195
43.6534
43.4895
43.3277
43.1683
43.0112
42.8565
42.7043
42.5545
42.4073
42.2627
42.1206
41.981
41.844
41.7095
41.5774
41.4479
41.3208
41.196
41.0737
40.9537
40.836
40.7207
40.6077
40.4971
40.3889
40.2832
40.1802
40.0801
39.9832
39.8898
39.8006
39.7161
39.6374
39.5656
39.5021
39.4491
39.4088
39.3843
39.3794
39.3982
39.4464
39.5244
39.6669
100.906
100.911
100.927
100.957
101.003
101.068
101.152
101.259
101.388
101.541
101.718
101.918
102.142
102.388
102.656
102.946
103.255
103.584
103.931
104.295
104.675
105.071
105.481
105.904
106.34
106.788
107.246
107.714
108.192
108.678
109.172
109.672
110.179
110.691
111.208
111.729
112.253
112.78
113.308
113.838
114.368
114.897
115.425
115.95
116.471
116.987
117.496
117.994
118.478
118.947
119.398
119.829
120.235
120.613
120.957
121.263
121.526
121.739
121.896
121.992
122.019
121.97
121.838
121.614
121.292
120.864
120.322
119.659
118.869
117.947
116.887
115.687
114.345
112.86
111.234
109.472
107.578
105.561
103.43
101.197
98.8749
96.4792
94.0255
91.5305
89.0117
86.4863
83.9717
81.4847
79.0411
76.6559
74.3429
72.1145
69.9818
67.9544
66.0401
64.2453
62.5743
61.0298
59.6122
58.3197
57.1487
56.0934
55.1464
54.2994
53.543
52.8677
52.2643
51.7239
51.2382
50.8
50.4026
50.0403
49.708
49.4014
49.1167
48.8508
48.6007
48.3642
48.1391
47.9235
47.716
47.5152
47.3201
47.1296
46.9431
46.7599
46.5794
46.4012
46.2251
46.0507
45.878
45.7068
45.5371
45.369
45.2023
45.0372
44.8737
44.712
44.5519
44.3937
44.2374
44.0831
43.9308
43.7806
43.6325
43.4866
43.3429
43.2015
43.0623
42.9254
42.7906
42.6581
42.5279
42.3998
42.2738
42.15
42.0283
41.9087
41.7912
41.6758
41.5624
41.4512
41.3422
41.2356
41.1315
41.0301
40.9319
40.8372
40.7467
40.6613
40.5821
40.5104
40.4483
40.3981
40.3629
40.3466
40.3537
40.3904
40.4578
40.5917
100.988
101.008
101.037
101.079
101.136
101.21
101.302
101.413
101.546
101.699
101.874
102.071
102.29
102.53
102.79
103.071
103.371
103.69
104.027
104.38
104.75
105.136
105.535
105.949
106.376
106.815
107.265
107.727
108.198
108.679
109.168
109.665
110.169
110.679
111.194
111.714
112.238
112.765
113.293
113.823
114.352
114.879
115.404
115.924
116.438
116.943
117.438
117.919
118.386
118.834
119.261
119.665
120.042
120.388
120.697
120.966
121.189
121.361
121.475
121.526
121.507
121.411
121.233
120.964
120.599
120.131
119.552
118.859
118.044
117.105
116.036
114.836
113.503
112.039
110.445
108.725
106.884
104.931
102.874
100.724
98.4929
96.195
93.8444
91.4565
89.0469
86.6315
84.226
81.8456
79.5049
77.2177
74.9965
72.8529
70.7971
68.838
66.983
65.238
63.6073
62.0933
60.6969
59.4168
58.25
57.1919
56.2363
55.376
54.6031
53.9093
53.2862
52.7261
52.2213
51.765
51.3509
50.9737
50.6283
50.3104
50.0165
49.7431
49.4874
49.2471
49.0197
48.8035
48.5967
48.3979
48.2058
48.0194
47.8378
47.6601
47.4857
47.3141
47.1448
46.9774
46.8118
46.6478
46.4852
46.3239
46.1639
46.0052
45.8479
45.6918
45.5371
45.3839
45.2321
45.0819
44.9333
44.7864
44.6412
44.4977
44.356
44.2162
44.0781
43.942
43.8077
43.6752
43.5446
43.4159
43.2889
43.1637
43.0403
42.9187
42.7987
42.6805
42.564
42.4493
42.3364
42.2253
42.1163
42.0095
41.9053
41.8039
41.706
41.6123
41.5239
41.442
41.3686
41.306
41.2572
41.2265
41.2185
41.24
41.2933
41.414
101.075
101.109
101.151
101.205
101.273
101.355
101.454
101.57
101.705
101.859
102.032
102.225
102.438
102.67
102.922
103.192
103.481
103.787
104.111
104.45
104.806
105.176
105.561
105.96
106.371
106.795
107.23
107.676
108.132
108.598
109.072
109.555
110.044
110.539
111.04
111.546
112.055
112.567
113.08
113.594
114.106
114.616
115.122
115.622
116.114
116.597
117.068
117.524
117.964
118.384
118.782
119.154
119.497
119.808
120.081
120.312
120.496
120.629
120.703
120.715
120.658
120.525
120.312
120.011
119.616
119.123
118.525
117.817
116.995
116.054
114.994
113.811
112.504
111.076
109.528
107.864
106.09
104.212
102.239
100.182
98.05
95.8568
93.6153
91.3393
89.0431
86.7409
84.447
82.1753
79.9391
77.7509
75.6223
73.564
71.5854
69.6949
67.8993
66.2042
64.6137
63.1304
61.755
60.4871
59.3243
58.2629
57.2978
56.4232
55.6321
54.9177
54.2726
53.6898
53.1625
52.6846
52.2501
51.854
51.4915
51.1584
50.8511
50.5664
50.3014
50.0534
49.8204
49.6002
49.391
49.1914
49
48.8155
48.637
48.4634
48.294
48.1281
47.9652
47.8047
47.6463
47.4898
47.3348
47.1812
47.0289
46.8778
46.7278
46.5788
46.431
46.2842
46.1385
45.9939
45.8506
45.7084
45.5674
45.4278
45.2894
45.1524
45.0168
44.8825
44.7496
44.6181
44.488
44.3592
44.2317
44.1056
43.9808
43.8573
43.735
43.614
43.4942
43.3756
43.2583
43.1423
43.0277
42.9146
42.8033
42.6941
42.5874
42.4839
42.3845
42.2905
42.2035
42.1258
42.0606
42.0121
41.9854
41.9877
42.0228
42.1252
101.17
101.218
101.273
101.338
101.416
101.507
101.612
101.733
101.87
102.024
102.196
102.385
102.592
102.816
103.058
103.317
103.593
103.886
104.194
104.518
104.857
105.21
105.577
105.957
106.349
106.753
107.168
107.594
108.03
108.474
108.927
109.388
109.855
110.329
110.807
111.29
111.776
112.263
112.752
113.24
113.727
114.21
114.689
115.161
115.625
116.078
116.518
116.942
117.349
117.736
118.099
118.435
118.741
119.013
119.248
119.44
119.585
119.678
119.715
119.689
119.596
119.43
119.186
118.857
118.44
117.928
117.317
116.602
115.781
114.849
113.805
112.647
111.376
109.993
108.499
106.899
105.198
103.403
101.52
99.5601
97.5323
95.4481
93.3192
91.1583
88.9779
86.7912
84.6108
82.4495
80.3193
78.2316
76.197
74.2253
72.3253
70.5046
68.7698
67.1261
65.5773
64.126
62.7734
61.5192
60.3619
59.2985
58.325
57.4365
56.6274
55.8918
55.2234
54.6162
54.0643
53.5619
53.1038
52.6853
52.3018
51.9494
51.6246
51.3242
51.0455
50.7858
50.5428
50.3146
50.0992
49.8951
49.7009
49.5152
49.3369
49.1648
48.9982
48.8362
48.6781
48.5233
48.3714
48.2218
48.0743
47.9285
47.7843
47.6413
47.4995
47.3586
47.2187
47.0797
46.9415
46.8041
46.6675
46.5316
46.3966
46.2623
46.1289
45.9962
45.8644
45.7334
45.6032
45.4738
45.3452
45.2175
45.0904
44.9642
44.8386
44.7137
44.5895
44.4659
44.3429
44.2204
44.0985
43.9772
43.8565
43.7365
43.6173
43.4992
43.3825
43.2677
43.1556
43.0474
42.9445
42.8491
42.7643
42.6944
42.645
42.6236
42.636
42.7138
101.276
101.338
101.405
101.481
101.568
101.667
101.779
101.904
102.043
102.198
102.367
102.552
102.753
102.97
103.202
103.45
103.713
103.991
104.283
104.59
104.911
105.245
105.592
105.951
106.321
106.703
107.095
107.497
107.908
108.327
108.755
109.189
109.629
110.075
110.525
110.979
111.435
111.893
112.351
112.808
113.262
113.712
114.157
114.595
115.023
115.44
115.843
116.23
116.598
116.946
117.269
117.565
117.83
118.061
118.254
118.405
118.509
118.562
118.56
118.498
118.37
118.172
117.899
117.546
117.109
116.583
115.963
115.247
114.432
113.514
112.492
111.366
110.136
108.803
107.369
105.838
104.215
102.506
100.718
98.8583
96.9372
94.9642
92.95
90.9056
88.8426
86.7724
84.7067
82.6568
80.6335
78.6473
76.7078
74.824
73.0039
71.2546
69.5823
67.9917
66.4866
65.0696
63.7421
62.5041
61.3547
60.2916
59.3118
58.4112
57.5854
56.8294
56.138
55.506
54.9282
54.3996
53.9156
53.4718
53.064
52.6887
52.3424
52.0223
51.7254
51.4495
51.1921
50.9512
50.7251
50.5121
50.3108
50.1197
49.9377
49.7635
49.5963
49.4351
49.2792
49.1277
48.9801
48.8359
48.6945
48.5556
48.4188
48.2836
48.15
48.0176
47.8862
47.7556
47.6258
47.4967
47.3681
47.2399
47.1122
46.9849
46.8578
46.7311
46.6047
46.4785
46.3525
46.2267
46.101
45.9755
45.8501
45.7247
45.5993
45.4739
45.3483
45.2227
45.0968
44.9706
44.8442
44.7174
44.5902
44.4627
44.335
44.207
44.0791
43.9517
43.8253
43.7008
43.5795
43.4636
43.356
43.2608
43.1841
43.1339
43.1182
43.1638
101.395
101.469
101.547
101.633
101.729
101.835
101.952
102.082
102.223
102.377
102.545
102.726
102.921
103.13
103.352
103.589
103.839
104.102
104.379
104.668
104.97
105.284
105.609
105.946
106.293
106.65
107.017
107.393
107.776
108.168
108.566
108.971
109.381
109.796
110.214
110.635
111.057
111.48
111.902
112.323
112.74
113.152
113.558
113.955
114.343
114.718
115.079
115.423
115.748
116.052
116.331
116.582
116.803
116.989
117.138
117.245
117.306
117.319
117.277
117.177
117.015
116.786
116.487
116.111
115.657
115.119
114.495
113.781
112.975
112.075
111.08
109.99
108.804
107.525
106.154
104.695
103.153
101.533
99.8401
98.0832
96.2697
94.4087
92.5095
90.5819
88.6362
86.6827
84.7316
82.793
80.8769
78.9925
77.1486
75.3532
73.6139
71.9372
70.3287
68.793
67.3336
65.9531
64.6531
63.434
62.2953
61.2354
60.252
59.3419
58.5016
57.727
57.0138
56.3576
55.7539
55.1986
54.6875
54.2166
53.7823
53.3812
53.0102
52.6666
52.3478
52.0513
51.775
51.517
51.2755
51.0488
50.8356
50.6343
50.4439
50.263
50.0908
49.9262
49.7684
49.6165
49.47
49.328
49.1901
49.0557
48.9243
48.7954
48.6686
48.5437
48.4202
48.2979
48.1765
48.0559
47.9358
47.8161
47.6966
47.5772
47.4578
47.3383
47.2185
47.0985
46.9781
46.8572
46.7359
46.6139
46.4913
46.3679
46.2438
46.1187
45.9927
45.8656
45.7373
45.6078
45.4769
45.3446
45.2108
45.0754
44.9384
44.7997
44.6594
44.5179
44.3753
44.2324
44.0904
43.9508
43.8166
43.6918
43.5826
43.4974
43.4471
43.4511
101.527
101.613
101.7
101.794
101.897
102.01
102.132
102.265
102.407
102.561
102.727
102.904
103.093
103.294
103.507
103.732
103.969
104.217
104.478
104.749
105.032
105.325
105.629
105.942
106.265
106.597
106.937
107.285
107.641
108.002
108.37
108.743
109.12
109.501
109.884
110.269
110.654
111.04
111.423
111.804
112.18
112.55
112.913
113.267
113.61
113.94
114.255
114.553
114.831
115.087
115.318
115.522
115.695
115.835
115.937
115.999
116.016
115.986
115.905
115.768
115.572
115.313
114.987
114.591
114.121
113.574
112.947
112.238
111.445
110.565
109.6
108.547
107.408
106.185
104.879
103.493
102.032
100.501
98.9039
97.2486
95.542
93.7917
92.0061
90.1938
88.3638
86.5252
84.6872
82.8588
81.0486
79.2651
77.5161
75.8091
74.1507
72.5469
71.003
69.5232
68.1111
66.7691
65.499
64.3013
63.1761
62.1223
61.1382
60.2215
59.3693
58.5784
57.8454
57.1665
56.538
55.9564
55.418
54.9193
54.4572
54.0286
53.6307
53.261
52.917
52.5966
52.2977
52.0184
51.7571
51.5122
51.2823
51.066
50.8622
50.6696
50.4873
50.3144
50.1498
49.9927
49.8426
49.6985
49.5599
49.426
49.2965
49.1705
49.0478
48.9277
48.8099
48.694
48.5796
48.4663
48.3539
48.242
48.1305
48.019
47.9074
47.7954
47.6829
47.5697
47.4556
47.3406
47.2244
47.1069
46.9879
46.8675
46.7453
46.6213
46.4954
46.3674
46.2371
46.1044
45.9692
45.8312
45.6903
45.5464
45.3993
45.2488
45.0948
44.9374
44.7767
44.613
44.4471
44.2803
44.1151
43.9554
43.8072
43.6794
43.5861
43.536
101.672
101.767
101.862
101.963
102.073
102.19
102.316
102.451
102.594
102.747
102.91
103.083
103.265
103.458
103.662
103.875
104.099
104.333
104.577
104.831
105.094
105.367
105.648
105.938
106.236
106.542
106.855
107.175
107.5
107.831
108.167
108.507
108.85
109.195
109.542
109.889
110.236
110.582
110.924
111.263
111.597
111.923
112.241
112.55
112.846
113.129
113.396
113.645
113.875
114.082
114.264
114.419
114.544
114.635
114.69
114.706
114.68
114.608
114.487
114.313
114.084
113.796
113.446
113.031
112.547
111.992
111.365
110.662
109.882
109.025
108.089
107.075
105.984
104.816
103.573
102.26
100.878
99.4334
97.9297
96.3731
94.7699
93.1267
91.4508
89.75
88.0319
86.3046
84.5762
82.8545
81.1474
79.4623
77.8063
76.186
74.6074
73.0761
71.5968
70.1735
68.8096
67.5076
66.2691
65.0952
63.9861
62.9412
61.9594
61.039
60.1778
59.3733
58.6227
57.9231
57.2715
56.6646
56.0996
55.5733
55.0831
54.6261
54.2
53.8024
53.4312
53.0842
52.7597
52.4559
52.1712
51.9042
51.6534
51.4177
51.1959
50.9868
50.7895
50.603
50.4264
50.259
50.0999
49.9483
49.8037
49.6653
49.5325
49.4047
49.2812
49.1616
49.0453
48.9319
48.8208
48.7116
48.6039
48.4972
48.3913
48.2858
48.1802
48.0744
47.968
47.8606
47.7522
47.6423
47.5308
47.4174
47.302
47.1842
47.0638
46.9407
46.8146
46.6853
46.5526
46.4162
46.2759
46.1314
45.9825
45.8288
45.6701
45.5061
45.3364
45.1607
44.979
44.7912
44.5976
44.399
44.1972
43.9956
43.8
43.6194
43.4717
43.3501
101.828
101.931
102.032
102.139
102.253
102.374
102.503
102.638
102.782
102.933
103.092
103.26
103.437
103.621
103.815
104.017
104.228
104.448
104.675
104.912
105.156
105.408
105.667
105.934
106.207
106.487
106.772
107.063
107.359
107.659
107.962
108.268
108.576
108.886
109.196
109.505
109.813
110.118
110.419
110.716
111.006
111.288
111.561
111.823
112.073
112.308
112.528
112.729
112.91
113.068
113.202
113.308
113.385
113.43
113.439
113.411
113.342
113.23
113.071
112.863
112.603
112.288
111.915
111.482
110.987
110.426
109.798
109.103
108.337
107.502
106.595
105.618
104.571
103.456
102.274
101.028
99.7217
98.3578
96.9413
95.477
93.9704
92.4275
90.8545
89.2581
87.6451
86.0227
84.3977
82.7772
81.1681
79.5769
78.01
76.4732
74.972
73.5114
72.0956
70.7285
69.4131
68.1518
66.9465
65.7983
64.7075
63.674
62.6972
61.7759
60.9084
60.093
59.3273
58.6091
57.936
57.3053
56.7146
56.1612
55.6429
55.1572
54.7021
54.2754
53.8752
53.4997
53.1472
52.8162
52.5051
52.2126
51.9375
51.6785
51.4345
51.2045
50.9875
50.7826
50.5889
50.4057
50.2322
50.0676
49.9111
49.7622
49.6202
49.4843
49.3541
49.2288
49.1079
48.9909
48.8773
48.7664
48.6578
48.551
48.4455
48.3409
48.2368
48.1326
48.028
47.9226
47.816
47.7079
47.5978
47.4855
47.3705
47.2526
47.1314
47.0065
46.8778
46.7447
46.6071
46.4645
46.3165
46.1629
46.0031
45.8367
45.6633
45.4824
45.2933
45.0955
44.8885
44.6717
44.4448
44.208
43.9621
43.7095
43.4555
43.2084
42.9914
42.7752
101.985
102.093
102.199
102.31
102.427
102.55
102.68
102.816
102.958
103.108
103.264
103.427
103.597
103.775
103.96
104.152
104.351
104.558
104.771
104.991
105.218
105.451
105.691
105.936
106.187
106.443
106.703
106.968
107.236
107.507
107.78
108.055
108.331
108.607
108.883
109.157
109.428
109.695
109.958
110.215
110.464
110.705
110.936
111.155
111.361
111.552
111.727
111.883
112.018
112.132
112.22
112.282
112.314
112.315
112.282
112.213
112.104
111.954
111.76
111.52
111.231
110.89
110.495
110.045
109.537
108.969
108.34
107.648
106.894
106.075
105.193
104.247
103.238
102.167
101.037
99.8491
98.6069
97.3135
95.9728
94.5893
93.1677
91.7132
90.2314
88.7281
87.2093
85.6811
84.1496
82.6211
81.1015
79.5967
78.1121
76.6531
75.2243
73.8303
72.475
71.1617
69.8933
68.6721
67.4999
66.3777
65.3062
64.2855
63.3153
62.3947
61.5228
60.698
59.9187
59.1833
58.4896
57.8357
57.2196
56.639
56.0921
55.5769
55.0914
54.634
54.203
53.7967
53.4136
53.0525
52.7119
52.3905
52.0872
51.801
51.5306
51.2753
51.0339
50.8056
50.5896
50.3851
50.1914
50.0075
49.8329
49.6668
49.5086
49.3574
49.2128
49.074
48.9405
48.8116
48.6868
48.5655
48.4471
48.3311
48.217
48.1041
47.9921
47.8804
47.7684
47.6558
47.542
47.4266
47.3091
47.1891
47.0661
46.9397
46.8094
46.6748
46.5354
46.3908
46.2406
46.0843
45.9213
45.7511
45.5732
45.387
45.1917
44.9866
44.7708
44.5434
44.3034
44.0497
43.7811
43.4968
43.1965
42.8812
42.5549
42.2248
41.9199
41.5794
102.129
102.241
102.35
102.463
102.583
102.707
102.837
102.973
103.114
103.262
103.415
103.574
103.74
103.911
104.089
104.273
104.463
104.659
104.861
105.069
105.282
105.5
105.724
105.952
106.185
106.422
106.662
106.905
107.151
107.399
107.648
107.898
108.148
108.397
108.645
108.89
109.131
109.368
109.599
109.824
110.04
110.247
110.443
110.627
110.798
110.953
111.091
111.21
111.308
111.384
111.436
111.46
111.456
111.421
111.353
111.249
111.108
110.926
110.703
110.435
110.12
109.757
109.343
108.877
108.356
107.78
107.148
106.457
105.708
104.901
104.035
103.111
102.129
101.092
99.9999
98.8561
97.663
96.4236
95.1415
93.8207
92.4655
91.0806
89.6708
88.2414
86.7977
85.3451
83.889
82.4348
80.9879
79.5533
78.136
76.7406
75.3713
74.032
72.7261
71.4569
70.2268
69.038
67.892
66.79
65.7328
64.7205
63.7531
62.8301
61.9507
61.1139
60.3186
59.5634
58.8468
58.1673
57.5232
56.9128
56.3345
55.7867
55.2679
54.7765
54.311
53.8703
53.4529
53.0576
52.6832
52.3286
51.9927
51.6744
51.3727
51.0866
50.8153
50.5578
50.3132
50.0809
49.8599
49.6494
49.4487
49.257
49.0735
48.8976
48.7284
48.5654
48.4078
48.2549
48.1062
47.961
47.8186
47.6785
47.5401
47.4028
47.266
47.1293
46.992
46.8536
46.7137
46.5718
46.4274
46.2799
46.129
45.9742
45.815
45.651
45.4818
45.3067
45.1255
44.9374
44.7422
44.539
44.3273
44.1063
43.8753
43.6332
43.3789
43.1112
42.8285
42.5291
42.211
41.8723
41.511
41.1261
40.7197
40.2959
39.8921
39.4035
102.258
102.372
102.483
102.598
102.718
102.844
102.974
103.109
103.25
103.396
103.547
103.703
103.865
104.032
104.204
104.382
104.565
104.754
104.947
105.145
105.348
105.556
105.767
105.983
106.202
106.424
106.65
106.877
107.106
107.336
107.567
107.798
108.028
108.257
108.483
108.706
108.925
109.138
109.346
109.546
109.737
109.918
110.088
110.246
110.389
110.516
110.627
110.718
110.788
110.836
110.859
110.856
110.825
110.763
110.668
110.539
110.373
110.168
109.922
109.634
109.301
108.921
108.493
108.015
107.485
106.903
106.268
105.578
104.833
104.034
103.18
102.272
101.31
100.297
99.2329
98.1209
96.9633
95.7629
94.523
93.2473
91.9398
90.6046
89.2463
87.8696
86.4792
85.08
83.6769
82.2747
80.8782
79.4919
78.1203
76.7674
75.4371
74.1328
72.8576
71.6143
70.4054
69.2327
68.0977
67.0017
65.9452
64.9287
63.9524
63.0159
62.1188
61.2603
60.4398
59.6563
58.9087
58.1957
57.5161
56.8687
56.252
55.6649
55.106
54.574
54.0679
53.5863
53.1282
52.6924
52.2779
51.8835
51.5082
51.151
50.8108
50.4867
50.1776
49.8827
49.6011
49.3317
49.0739
48.8265
48.5888
48.3599
48.1389
47.9251
47.7176
47.5156
47.3185
47.1254
46.9357
46.7487
46.5638
46.3804
46.1978
46.0157
45.8333
45.6504
45.4664
45.2809
45.0935
44.904
44.7119
44.517
44.319
44.1175
43.9124
43.7033
43.4898
43.2719
43.0489
42.8206
42.5866
42.3462
42.0988
41.8437
41.58
41.3066
41.0221
40.7249
40.413
40.0842
39.7356
39.3641
38.9663
38.5388
38.081
37.5927
37.1191
36.5073
102.378
102.494
102.606
102.722
102.843
102.969
103.099
103.233
103.373
103.517
103.666
103.82
103.978
104.142
104.31
104.483
104.661
104.843
105.03
105.221
105.416
105.615
105.817
106.023
106.232
106.443
106.657
106.872
107.088
107.305
107.522
107.738
107.953
108.166
108.376
108.582
108.783
108.979
109.168
109.349
109.521
109.683
109.833
109.97
110.093
110.2
110.29
110.36
110.409
110.436
110.438
110.415
110.363
110.281
110.166
110.018
109.834
109.612
109.35
109.047
108.7
108.308
107.87
107.383
106.847
106.261
105.623
104.934
104.193
103.399
102.554
101.657
100.709
99.7121
98.6676
97.5775
96.4442
95.2703
94.059
92.8136
91.5378
90.2354
88.9106
87.5676
86.2108
84.8446
83.4735
82.1019
80.734
79.3739
78.0256
76.6929
75.3791
74.0873
72.8205
71.5812
70.3715
69.1934
68.0482
66.9371
65.8609
64.8202
63.8153
62.8461
61.9125
61.0141
60.1505
59.3212
58.5254
57.7623
57.031
56.3305
55.6598
55.0179
54.4039
53.8165
53.2549
52.7178
52.2044
51.7135
51.244
50.7949
50.365
49.9534
49.5588
49.1802
48.8166
48.4669
48.1301
47.8051
47.491
47.1868
46.8915
46.6043
46.3242
46.0505
45.7823
45.519
45.2599
45.0044
44.7519
44.5021
44.2544
44.0085
43.7641
43.5209
43.2787
43.0373
42.7966
42.5564
42.3167
42.0773
41.8382
41.5993
41.3605
41.1215
40.8824
40.6428
40.4026
40.1614
39.9189
39.6745
39.4278
39.1781
38.9245
38.6661
38.4018
38.1301
37.8493
37.5574
37.2521
36.9302
36.5884
36.2222
35.8269
35.3969
34.9287
34.4162
33.911
33.2101
102.486
102.603
102.716
102.832
102.953
103.079
103.209
103.343
103.482
103.625
103.772
103.924
104.08
104.24
104.405
104.574
104.748
104.925
105.106
105.291
105.48
105.672
105.867
106.065
106.266
106.468
106.672
106.878
107.084
107.29
107.496
107.701
107.904
108.104
108.302
108.495
108.683
108.865
109.04
109.207
109.364
109.511
109.646
109.768
109.875
109.967
110.04
110.095
110.128
110.139
110.126
110.087
110.02
109.922
109.794
109.631
109.434
109.199
108.925
108.61
108.253
107.851
107.404
106.91
106.369
105.778
105.138
104.448
103.707
102.916
102.074
101.183
100.243
99.2545
98.2203
97.1418
96.0212
94.8611
93.6643
92.4338
91.1731
89.8857
88.5753
87.2459
85.9013
84.5457
83.183
81.8171
80.4521
79.0915
77.7391
76.3981
75.0716
73.7626
72.4736
71.207
69.9651
68.7495
67.5617
66.4031
65.2745
64.1768
63.1106
62.0762
61.0738
60.1034
59.165
58.2585
57.3836
56.5399
55.7267
54.9435
54.1896
53.4642
52.7664
52.0953
51.45
50.8296
50.2329
49.659
49.1068
48.575
48.0627
47.5687
47.0919
46.6313
46.1857
45.7542
45.3359
44.9299
44.5355
44.1518
43.7782
43.4142
43.0591
42.7125
42.3741
42.0435
41.7204
41.4046
41.0958
40.7939
40.4988
40.2103
39.9282
39.6523
39.3826
39.1188
38.8607
38.6081
38.3608
38.1185
37.8809
37.6477
37.4185
37.1929
36.9704
36.7507
36.5331
36.3171
36.102
35.8871
35.6715
35.4545
35.2348
35.0113
34.7825
34.5469
34.3025
34.0469
33.7774
33.4906
33.1825
32.8479
32.4809
32.0742
31.6215
31.1095
30.5952
29.8218
102.584
102.7
102.812
102.928
103.048
103.173
103.302
103.434
103.571
103.712
103.858
104.007
104.16
104.318
104.479
104.645
104.814
104.987
105.164
105.344
105.527
105.713
105.902
106.094
106.287
106.483
106.679
106.877
107.075
107.273
107.47
107.666
107.859
108.05
108.238
108.421
108.598
108.769
108.933
109.089
109.235
109.37
109.494
109.604
109.699
109.778
109.839
109.881
109.902
109.901
109.875
109.823
109.744
109.634
109.494
109.32
109.11
108.864
108.579
108.254
107.887
107.476
107.02
106.518
105.969
105.372
104.726
104.03
103.285
102.489
101.644
100.75
99.8073
98.817
97.7807
96.6999
95.5768
94.4135
93.2126
91.9768
90.7092
89.4129
88.0912
86.7477
85.3858
84.0091
82.6213
81.2258
79.8262
78.4258
77.0278
75.6354
74.2515
72.8786
71.5195
70.1764
68.8517
67.5472
66.2647
65.0057
63.7717
62.564
61.3836
60.2313
59.108
58.0142
56.9505
55.9174
54.915
53.9434
53.0024
52.0918
51.2112
50.3602
49.5382
48.7446
47.9786
47.2394
46.5265
45.8389
45.176
44.5369
43.921
43.3275
42.7557
42.2052
41.6752
41.1655
40.6754
40.2045
39.7525
39.3188
38.903
38.5047
38.1234
37.7585
37.4095
37.0759
36.7571
36.4524
36.1612
35.8828
35.6167
35.3621
35.1183
34.8847
34.6605
34.4452
34.238
34.0383
33.8455
33.6589
33.4778
33.3018
33.13
32.962
32.797
32.6345
32.4736
32.3137
32.154
31.9938
31.832
31.6676
31.4997
31.3268
31.1475
30.9602
30.7627
30.5526
30.3272
30.0827
29.8149
29.5182
29.1858
28.8088
28.3788
27.8747
27.3572
26.5099
102.652
102.768
102.879
102.995
103.115
103.239
103.367
103.498
103.634
103.773
103.916
104.063
104.213
104.367
104.525
104.687
104.852
105.021
105.193
105.368
105.546
105.727
105.91
106.096
106.283
106.472
106.662
106.852
107.043
107.233
107.422
107.61
107.795
107.977
108.156
108.33
108.498
108.659
108.814
108.959
109.095
109.22
109.332
109.431
109.516
109.583
109.633
109.664
109.673
109.659
109.622
109.558
109.465
109.344
109.19
109.003
108.781
108.522
108.224
107.886
107.505
107.08
106.611
106.095
105.532
104.92
104.259
103.549
102.787
101.976
101.113
100.2
99.2373
98.2254
97.1654
96.0588
94.907
93.712
92.4759
91.201
89.8897
88.5448
87.1691
85.7655
84.3371
82.887
81.4184
79.9345
78.4385
76.9334
75.4225
73.9087
72.3951
70.8846
69.3801
67.8844
66.4004
64.9306
63.4777
62.0439
60.6316
59.2431
57.8803
56.5452
55.2394
53.9645
52.722
51.5131
50.339
49.2004
48.098
47.0324
46.0038
45.0127
44.0592
43.1433
42.265
41.4242
40.6208
39.8547
39.1254
38.4326
37.7756
37.1538
36.5666
36.0129
35.4918
35.0022
34.543
34.1129
33.7106
33.3347
32.9837
32.6563
32.3509
32.0662
31.8008
31.5532
31.3223
31.1066
30.905
30.7164
30.5396
30.3736
30.2174
30.07
29.9306
29.7983
29.6723
29.5519
29.4364
29.3249
29.217
29.1119
29.0089
28.9076
28.8071
28.7069
28.6064
28.5048
28.4015
28.2955
28.1862
28.0724
27.9532
27.8273
27.6933
27.5495
27.3938
27.224
27.0371
26.8294
26.5964
26.3324
26.0299
25.6789
25.2691
24.7715
24.2494
23.3181
102.691
102.802
102.911
103.023
103.14
103.261
103.386
103.514
103.646
103.782
103.922
104.065
104.212
104.362
104.515
104.672
104.833
104.996
105.163
105.332
105.504
105.679
105.856
106.034
106.214
106.396
106.578
106.76
106.942
107.124
107.304
107.482
107.658
107.83
107.998
108.161
108.319
108.469
108.611
108.745
108.868
108.98
109.08
109.165
109.236
109.289
109.324
109.339
109.333
109.303
109.248
109.167
109.057
108.916
108.743
108.536
108.293
108.012
107.691
107.328
106.922
106.471
105.973
105.428
104.833
104.188
103.491
102.742
101.939
101.083
100.172
99.2069
98.1873
97.1137
95.9866
94.8068
93.5753
92.2935
90.9628
89.585
88.1621
86.6964
85.19
83.6458
82.0664
80.4549
78.8146
77.1487
75.4608
73.7545
72.0336
70.3022
68.5642
66.8238
65.0852
63.3529
61.6312
59.9243
58.2365
56.5718
54.9343
53.3278
51.756
50.2223
48.7297
47.2812
45.8796
44.5272
43.226
41.9778
40.784
39.6455
38.5632
37.5373
36.5679
35.6546
34.7967
33.9934
33.2434
32.5452
31.897
31.2968
30.7425
30.2318
29.7623
29.3317
28.9375
28.5775
28.2492
27.9504
27.6789
27.4325
27.2093
27.0072
26.8246
26.6596
26.5105
26.376
26.2545
26.1448
26.0455
25.9555
25.8738
25.7993
25.7312
25.6684
25.6103
25.556
25.5049
25.4562
25.4094
25.3639
25.3191
25.2744
25.2293
25.1833
25.1358
25.0863
25.0343
24.979
24.92
24.8564
24.7876
24.7126
24.6304
24.5399
24.4397
24.3282
24.2035
24.0632
23.9044
23.7235
23.516
23.2758
22.9954
22.6637
22.2688
21.7747
21.246
20.22
102.657
102.766
102.871
102.981
103.094
103.211
103.331
103.454
103.58
103.709
103.841
103.977
104.115
104.256
104.401
104.548
104.699
104.852
105.008
105.166
105.326
105.489
105.653
105.819
105.986
106.153
106.321
106.489
106.656
106.822
106.986
107.147
107.306
107.46
107.61
107.754
107.892
108.022
108.143
108.255
108.356
108.444
108.52
108.58
108.624
108.65
108.657
108.642
108.605
108.543
108.455
108.338
108.19
108.011
107.797
107.546
107.257
106.927
106.554
106.136
105.671
105.157
104.592
103.975
103.304
102.577
101.792
100.948
100.044
99.079
98.0513
96.9604
95.806
94.5877
93.3057
91.9604
90.5525
89.0829
87.5531
85.9648
84.3203
82.622
80.8729
79.0764
77.2363
75.3569
73.4429
71.4993
69.5316
67.5455
65.547
63.5424
61.5382
59.5409
57.5573
55.5938
53.6572
51.7538
49.8896
48.0704
46.3015
44.5879
42.934
41.3437
39.8203
38.3665
36.9845
35.6758
34.4411
33.2807
32.1942
31.1807
30.2385
29.3658
28.5603
27.8194
27.1398
26.5188
25.9533
25.4399
24.9754
24.5566
24.1802
23.8432
23.5427
23.2756
23.0394
22.8314
22.6493
22.4906
22.3533
22.2352
22.1345
22.0494
21.9782
21.9194
21.8716
21.8333
21.8034
21.7808
21.7643
21.7531
21.7461
21.7427
21.7421
21.7434
21.7462
21.7497
21.7534
21.7569
21.7595
21.7609
21.7605
21.7581
21.753
21.7449
21.7334
21.7181
21.6983
21.6738
21.6438
21.6078
21.5651
21.5149
21.4563
21.3882
21.3093
21.2181
21.1128
20.991
20.85
20.6862
20.495
20.2706
20.0051
19.6868
19.3032
18.8122
18.2788
17.1532
102.436
102.524
102.613
102.705
102.802
102.901
103.003
103.107
103.214
103.323
103.435
103.549
103.665
103.784
103.905
104.028
104.153
104.28
104.409
104.539
104.67
104.803
104.936
105.07
105.203
105.337
105.469
105.601
105.73
105.857
105.981
106.101
106.217
106.327
106.432
106.528
106.617
106.697
106.766
106.823
106.868
106.898
106.912
106.909
106.887
106.845
106.78
106.69
106.575
106.43
106.256
106.049
105.807
105.528
105.209
104.848
104.443
103.991
103.489
102.935
102.326
101.661
100.936
100.15
99.3012
98.387
97.4055
96.355
95.2343
94.0421
92.7775
91.44
90.0295
88.5464
86.9914
85.3659
83.6716
81.9111
80.0872
78.2035
76.2642
74.2738
72.2378
70.1621
68.0528
65.9169
63.7618
61.595
59.4243
57.2578
55.1036
52.9699
50.8645
48.7953
46.7697
44.7947
42.8769
41.0224
39.2362
37.5228
35.886
34.3288
32.8533
31.461
30.1524
28.9274
27.7856
26.725
25.7441
24.8404
24.011
23.2528
22.5624
21.9362
21.3706
20.8618
20.4059
19.9996
19.6393
19.3216
19.0431
18.8007
18.5914
18.4124
18.2608
18.1343
18.0303
17.9468
17.8818
17.8331
17.7991
17.7781
17.7686
17.7691
17.7784
17.7952
17.8183
17.8466
17.8793
17.9153
17.9538
17.9941
18.0355
18.0774
18.1191
18.1603
18.2003
18.2387
18.275
18.309
18.3402
18.3682
18.3928
18.4136
18.4302
18.4424
18.4499
18.4521
18.4489
18.4397
18.4241
18.4016
18.3715
18.3332
18.2858
18.2284
18.1598
18.0785
17.9828
17.8705
17.739
17.5849
17.4038
17.1899
16.9354
16.6289
16.2574
15.7748
15.2475
14.0296
101.423
101.45
101.481
101.512
101.543
101.573
101.604
101.634
101.664
101.695
101.725
101.756
101.788
101.819
101.851
101.882
101.914
101.945
101.976
102.007
102.036
102.065
102.092
102.117
102.14
102.16
102.177
102.19
102.199
102.203
102.202
102.193
102.178
102.154
102.12
102.077
102.021
101.953
101.871
101.774
101.66
101.527
101.375
101.201
101.003
100.78
100.53
100.25
99.9395
99.5951
99.215
98.797
98.3387
97.8377
97.2919
96.6988
96.0559
95.3609
94.6115
93.8055
92.9407
92.0152
91.0277
89.9768
88.8611
87.6795
86.4311
85.1154
83.7323
82.2821
80.7655
79.1834
77.5377
75.8305
74.0645
72.2429
70.3695
68.4485
66.4848
64.4837
62.451
60.3929
58.316
56.2272
54.1338
52.0431
49.9627
47.9003
45.8632
43.8588
41.8942
39.9761
38.1108
36.3041
34.5613
32.887
31.2853
29.7595
28.3119
26.9441
25.6573
24.4516
23.3268
22.2818
21.3149
20.4242
19.6074
18.8613
18.1828
17.5688
17.0158
16.5201
16.0781
15.6861
15.3408
15.0386
14.7757
14.5496
14.3573
14.1956
14.0621
13.954
13.8692
13.8052
13.7599
13.7315
13.7182
13.718
13.7295
13.7512
13.782
13.8208
13.8664
13.9176
13.9735
14.0331
14.0955
14.1598
14.2251
14.2907
14.356
14.4205
14.4838
14.5454
14.6049
14.6619
14.716
14.7668
14.8142
14.8578
14.8974
14.9328
14.9636
14.9897
15.0108
15.0267
15.0372
15.042
15.0408
15.0333
15.0191
14.9978
14.9688
14.9316
14.8855
14.8297
14.7629
14.6842
14.5917
14.4837
14.3577
14.2105
14.0382
13.8354
13.595
13.306
12.9563
12.4986
12.0042
10.7296
95.421
95.1934
94.9779
94.7602
94.5363
94.308
94.0771
93.844
93.6087
93.3716
93.1327
92.8924
92.6508
92.4081
92.1643
91.9195
91.6738
91.4273
91.1799
90.9315
90.6821
90.4315
90.1797
89.9263
89.6711
89.4139
89.1543
88.8919
88.6263
88.357
88.0834
87.8048
87.5207
87.2303
86.9328
86.6274
86.3132
85.9892
85.6542
85.3074
84.9474
84.5731
84.1831
83.7762
83.351
82.9057
82.4391
81.9495
81.4354
80.8951
80.3271
79.7296
79.101
78.4395
77.7435
77.0114
76.2415
75.4321
74.5819
73.6893
72.7528
71.7713
70.7439
69.6699
68.5484
67.3789
66.161
64.8948
63.5809
62.22
60.8133
59.3623
57.8691
56.336
54.766
53.1623
51.5287
49.8692
48.1882
46.4908
44.7819
43.0671
41.352
39.6425
37.9444
36.2638
34.6069
32.9795
31.3872
29.8357
28.3299
26.8747
25.4742
24.1323
22.8519
21.6357
20.486
19.404
18.39
17.4441
16.5658
15.7541
15.0072
14.3232
13.6997
13.1342
12.6241
12.1658
11.7567
11.3936
11.0736
10.7934
10.5503
10.3411
10.1634
10.0143
9.8911
9.79202
9.71483
9.65738
9.61778
9.59425
9.58514
9.58842
9.60266
9.62683
9.65981
9.7008
9.74893
9.80256
9.86072
9.92244
9.9869
10.0533
10.1209
10.1891
10.2573
10.325
10.3919
10.4572
10.5205
10.5814
10.6397
10.6949
10.747
10.7955
10.8404
10.8813
10.9182
10.9509
10.9792
11.003
11.0223
11.0368
11.0465
11.0511
11.0507
11.0449
11.0338
11.0169
10.9941
10.965
10.9294
10.8868
10.8366
10.7781
10.7106
10.6331
10.5443
10.4426
10.3262
10.1924
10.038
9.85872
9.6486
9.39847
9.09888
8.70586
8.3004
7.08446
73.1136
72.4953
71.9125
71.3372
70.7641
70.1969
69.638
69.0877
68.5462
68.0134
67.4897
66.9751
66.4696
65.9733
65.4862
65.0081
64.5391
64.079
63.6276
63.1848
62.7504
62.3241
61.9057
61.4949
61.0914
60.6947
60.3045
59.9203
59.5417
59.1682
58.7992
58.4341
58.0723
57.7131
57.3558
56.9998
56.644
56.2879
55.9303
55.5706
55.2076
54.8404
54.4679
54.0891
53.7029
53.308
52.9032
52.4874
52.0593
51.6177
51.1614
50.689
50.1992
49.6908
49.1625
48.6131
48.0413
47.446
46.8259
46.18
45.5072
44.8066
44.0731
43.3064
42.5059
41.6716
40.8037
39.9023
38.9684
38.0027
37.0065
35.9811
34.9285
33.8507
32.7503
31.6299
30.4927
29.3421
28.1816
27.015
25.8466
24.6804
23.5208
22.3723
21.2391
20.1259
19.0369
17.9762
16.9478
15.9552
15.0018
14.0904
13.2234
12.4029
11.6301
10.9063
10.2319
9.60697
9.03083
8.50248
8.02061
7.58355
7.18935
6.83578
6.52048
6.24114
5.99541
5.78049
5.59413
5.43413
5.29825
5.18429
5.09027
5.01429
4.9547
4.90973
4.87773
4.85768
4.84833
4.84843
4.85688
4.87269
4.89495
4.92335
4.95697
4.99458
5.03531
5.07849
5.12367
5.16993
5.21701
5.26425
5.3114
5.35781
5.40335
5.4475
5.49021
5.53105
5.5701
5.60732
5.64249
5.67525
5.70541
5.73279
5.75729
5.77879
5.79724
5.81255
5.82472
5.83369
5.83949
5.84205
5.84139
5.83746
5.83025
5.81974
5.80589
5.78865
5.76796
5.74373
5.71585
5.68417
5.64852
5.60866
5.5643
5.51508
5.46055
5.40014
5.33315
5.25867
5.17559
5.08244
4.97735
4.85779
4.7204
4.55975
4.37112
4.12513
3.89278
3.06383
4.04843
4.68638
5.28619
5.78072
6.25955
6.75839
7.27948
7.82578
8.40364
9.01894
9.67675
10.382
11.1399
11.9559
12.8357
13.7856
14.8127
15.9249
17.1325
18.4446
19.888
21.4426
23.3185
24.933
29.5966
5.97
6.56855
7.1736
7.72189
8.27917
8.87219
9.50215
10.1725
10.8902
11.6625
12.496
13.3981
14.3762
15.4391
16.5959
17.8572
19.2348
20.7422
22.3962
24.2134
26.2297
28.4349
31.0511
33.5069
38.9263
7.22044
7.76219
8.34474
8.90484
9.48496
10.1057
10.7692
11.4795
12.2438
13.0694
13.9635
14.9341
15.9899
17.1405
18.3967
19.771
21.2773
22.932
24.7554
26.7682
29.0117
31.4808
34.4048
37.218
42.863
8.24034
8.74655
9.30788
9.86945
10.4582
11.0898
11.767
12.4941
13.278
14.1259
15.0455
16.0447
17.1325
18.3192
19.616
21.0358
22.5936
24.3067
26.1967
28.2854
30.617
33.1855
36.2279
39.163
44.8342
9.17069
9.65405
10.1975
10.7573
11.3498
11.9867
12.6707
13.4062
14.1999
15.0588
15.9907
17.0036
18.1068
19.3105
20.6263
22.0675
23.6492
25.3893
27.3099
29.4333
31.8053
34.4173
37.5146
40.4915
46.1381
10.066
10.5334
11.0614
11.617
12.2101
12.8488
13.5358
14.2753
15.0737
15.938
16.8758
17.8952
19.0056
20.2173
21.542
22.993
24.5859
26.3387
28.2739
30.4137
32.8055
35.4371
38.5624
41.5485
47.1567
10.9511
11.4062
11.9205
12.4699
13.0606
13.6981
14.385
15.1253
15.925
16.7909
17.7305
18.752
19.8647
21.0789
22.4064
23.8607
25.4575
27.2148
29.1556
31.3018
33.7021
36.3406
39.4795
42.4585
48.0241
11.8383
12.2831
12.7846
13.3261
13.9119
14.5457
15.2297
15.968
16.7661
17.6307
18.569
19.5893
20.7007
21.9136
23.2399
24.693
26.2886
28.0451
29.9854
32.1315
34.5328
37.1702
40.3134
43.2756
48.7974
12.7343
13.1698
13.659
14.1912
14.7698
15.3974
16.0762
16.81
17.604
18.4647
19.3992
20.4156
21.5229
22.7316
24.0533
25.5018
27.0927
28.8442
30.7797
32.9207
35.3179
37.9482
41.0887
44.0281
49.5058
13.6432
14.0692
14.5464
15.068
15.6375
16.257
16.9284
17.6554
18.4432
19.2978
20.2262
21.2363
22.3373
23.5393
24.854
26.2951
27.8782
29.6217
31.5489
33.6811
36.0698
38.6886
41.8207
44.7331
50.1664
14.5667
14.9831
15.4479
15.9579
16.5168
17.1264
17.7887
18.5071
19.2867
20.1333
21.0537
22.0558
23.1484
24.3417
25.6473
27.0788
28.6518
30.3846
32.3007
34.421
36.7977
39.4014
42.5205
45.4029
50.7914
15.5061
15.9121
16.3643
16.8618
17.4089
18.0072
18.6587
19.367
20.1368
20.9738
21.8847
22.8771
23.9598
25.1427
26.4375
27.8576
29.4186
31.1387
33.0413
35.1473
37.5091
40.0946
43.1967
46.0469
51.3902
16.4615
16.8565
17.2956
17.7799
18.3142
18.9001
19.5397
20.2366
20.9954
21.8215
22.7216
23.703
24.7744
25.9457
27.2283
28.6356
30.183
31.8887
33.7762
35.8658
38.2104
40.7753
43.857
46.6737
51.971
17.4328
17.8161
18.2419
18.7125
19.2331
19.8057
20.4325
21.117
21.8637
22.678
23.5662
24.5357
25.5948
26.7535
28.0229
29.4162
30.949
32.6391
34.5099
36.5816
38.9071
41.4497
44.5082
47.2906
52.5413
18.4203
18.7913
19.2033
19.6597
20.1661
20.7247
21.3379
22.0092
22.743
23.5447
24.4203
25.3771
26.4232
27.5684
28.8239
30.2025
31.7198
33.3934
35.2467
37.2993
39.6045
42.1235
45.1565
47.9043
53.108
19.4244
19.7823
20.18
20.6217
21.1134
21.6575
22.2565
22.9141
23.6345
24.4229
25.2854
26.2288
27.2615
28.3928
29.6337
30.9972
32.4984
34.155
35.99
38.023
40.3068
42.8014
45.8073
48.521
53.6777
20.4452
20.7893
21.1724
21.599
22.0756
22.6047
23.1892
23.8325
24.5391
25.3138
26.1628
27.0926
28.1114
29.2284
30.4546
31.8025
33.2874
34.9267
36.7432
38.7562
41.0181
43.4881
46.4657
49.146
54.2568
21.4829
21.8126
22.1806
22.5919
23.0531
23.567
24.1366
24.7654
25.4578
26.2187
27.0539
27.9699
28.9746
30.0772
31.2884
32.6208
34.0893
35.7111
37.5091
39.502
41.742
44.1874
47.1363
49.7841
54.8523
22.5414
22.8575
23.2116
23.6088
24.056
24.5563
25.1127
25.7288
26.409
27.158
27.9815
28.8859
29.8791
30.9699
32.169
33.4889
34.9443
36.5523
38.3355
40.3125
42.5349
44.9605
47.8851
50.505
55.5406
23.6176
23.9213
24.2627
24.6475
25.0824
25.5708
26.1159
26.7212
27.3911
28.1303
28.9442
29.8393
30.8231
31.9044
33.0939
34.4037
35.8485
37.4454
39.2166
41.1805
43.3881
45.7968
48.6997
51.2961
56.2929
24.707
24.9979
25.3265
25.6988
26.1216
26.5981
27.1319
27.7265
28.3861
29.1154
29.9197
30.8053
31.7796
32.8514
34.031
35.3305
36.7646
38.3501
40.1092
42.0598
44.2526
46.6445
49.5258
52.1002
57.0549
25.8087
26.0866
26.4024
26.7624
27.173
27.638
28.1606
28.7446
29.3941
30.1136
30.9083
31.7845
32.7493
33.8114
34.981
36.2702
37.6935
39.2675
41.0142
42.9515
45.1295
47.5048
50.3649
52.9181
57.8302
26.9216
27.1863
27.4894
27.8371
28.236
28.6896
29.2014
29.7751
30.4147
31.1246
31.9099
32.7767
33.7321
34.7845
35.9442
37.223
38.6353
40.1977
41.9321
43.856
46.0191
48.3779
51.2173
53.75
58.62
28.044
28.2955
28.5859
28.9217
29.3091
29.7518
30.2532
30.8169
31.4469
32.1475
32.9237
33.7813
34.7273
35.7701
36.9198
38.1882
39.5895
41.1402
42.8621
44.7726
46.9208
49.2633
52.0822
54.5953
59.4238
29.1736
29.4118
29.6897
30.014
30.3904
30.8226
31.314
31.8683
32.4891
33.1807
33.948
34.7966
35.7334
36.7667
37.9064
39.1643
40.5546
42.0936
43.803
45.7
47.8333
50.1596
52.9584
55.4523
60.2403
30.3074
30.5324
30.7979
31.1111
31.477
31.8993
32.3813
32.9266
33.5388
34.2218
34.9805
35.8203
36.7481
37.772
38.9018
40.1493
41.5285
43.0557
44.7525
46.6359
48.7543
51.0644
53.8433
56.3187
61.0665
31.4412
31.6531
31.9067
32.2092
32.5653
32.9783
33.4516
33.9886
34.5926
35.2675
36.018
36.8493
37.7683
38.7829
39.903
41.14
42.5081
44.0235
45.7074
47.5772
49.6806
51.9745
54.7336
57.191
61.8985
32.5615
32.76
33.0017
33.2937
33.6401
34.0441
34.5088
35.0375
35.6333
36.3
37.0419
37.8643
38.7738
39.7784
40.8877
42.1133
43.4691
44.9713
46.6412
48.4959
50.5826
52.859
55.5966
58.0357
62.7
33.664
33.8494
34.0795
34.3615
34.6986
35.094
35.5505
36.0712
36.659
37.3174
38.0507
38.864
39.7638
40.758
41.8562
43.0698
44.4129
45.9014
47.5567
49.3957
51.4655
53.7241
56.4402
58.8613
63.4859
34.7525
34.9256
35.1452
35.4182
35.7473
36.1353
36.5849
37.0987
37.6796
38.3308
39.0563
39.8614
40.7522
41.7367
42.8243
44.0266
45.3575
46.833
48.4743
50.2985
52.352
54.594
57.2895
59.6948
64.2824
35.8202
35.9819
36.1919
36.4571
36.7796
37.1615
37.6054
38.1137
38.6887
39.3337
40.0524
40.85
41.7326
42.708
43.7858
44.9773
46.2966
47.7597
49.3876
51.1976
53.2356
55.462
58.1377
60.5293
65.0821
36.8593
37.0106
37.2122
37.4711
37.7882
38.1655
38.6052
39.1091
39.6795
40.3193
41.0322
41.8231
42.6982
43.6651
44.7336
45.9149
47.2231
48.6743
50.2893
52.0858
54.1089
56.3208
58.9773
61.3574
65.8769
37.8618
38.0038
38.1983
38.4521
38.7655
39.1398
39.5767
40.0778
40.6448
41.2804
41.9883
42.7733
43.6414
44.6006
45.6602
46.8318
48.1293
49.569
51.1717
52.9551
54.9638
57.162
59.8
62.1707
66.6578
38.8187
38.9525
39.1415
39.3922
39.7037
40.0767
40.5124
41.0119
41.5766
42.2092
42.9129
43.6926
44.5544
45.5061
46.5573
47.7195
49.0067
50.4353
52.0259
53.7967
55.7915
57.9768
60.5967
62.96
67.4146
39.7711
39.8981
40.0826
40.3309
40.6412
41.0134
41.4481
41.9459
42.5081
43.1368
43.8354
44.6087
45.4628
46.4056
47.4466
48.5976
49.8724
51.2877
52.8639
54.6197
56.5979
58.7679
61.3665
63.7213
68.1379
40.6872
40.8089
40.9912
41.2395
41.5507
41.924
42.3591
42.8563
43.4165
44.0416
44.735
45.5015
46.3473
47.2802
48.3101
49.4488
50.7102
52.111
53.672
55.4118
57.3728
59.5269
62.1044
64.4511
68.836
41.5007
41.6192
41.8024
42.0537
42.3688
42.7458
43.1838
43.6826
44.2425
44.8656
45.5553
46.3161
47.1547
48.0789
49.0988
50.2262
51.4755
52.8632
54.4103
56.1359
58.0817
60.2226
62.782
65.1242
69.4858
42.2039
42.3211
42.5081
42.7653
43.087
43.4702
43.9133
44.4153
44.9766
45.599
46.2858
47.0421
47.8742
48.7906
49.8013
50.9184
52.1564
53.5322
55.0667
56.7796
58.712
60.842
63.3861
65.7274
70.073
42.7824
42.9029
43.0971
43.3635
43.6946
44.0863
44.5365
45.0435
45.6074
46.2301
46.915
47.6672
48.4937
49.4027
50.4048
51.5122
52.7398
54.1045
55.6275
57.3291
59.2498
61.3708
63.9023
66.2463
70.583
43.2201
43.3459
43.5534
43.833
44.1768
44.5799
45.0392
45.5528
46.1204
46.7442
47.4277
48.1764
48.9975
49.8996
50.8935
51.9917
53.2094
54.5638
56.0763
57.7678
59.6782
61.7924
64.3138
66.6641
70.9993
43.494
43.6285
43.8533
44.1519
44.5122
44.9297
45.4006
45.9223
46.4948
47.1204
47.8031
48.5487
49.3646
50.26
51.246
52.3355
53.5438
54.8886
56.3915
58.074
59.9759
62.0852
64.5994
66.9595
71.3015
43.5653
43.7148
43.9635
44.2851
44.6666
45.1023
45.5875
46.1194
46.6983
47.3267
48.0093
48.7522
49.5635
50.4527
51.4312
52.5124
53.7121
55.0483
56.5429
58.2181
60.1133
62.2203
64.7306
67.1048
71.4627
43.3674
43.5414
43.8243
44.1759
44.5829
45.0411
45.5449
46.0902
46.6777
47.3108
47.9948
48.7363
49.5441
50.4281
51.4005
52.4749
53.6676
54.9971
56.4855
58.156
60.0477
62.1561
64.6672
67.0608
71.4459
42.7865
43.0005
43.3327
43.7251
44.1651
44.6512
45.1788
45.7432
46.3441
46.986
47.6748
48.4183
49.2258
50.108
51.0776
52.1489
53.3385
54.6656
56.1527
57.8236
59.7176
61.8335
64.3528
66.7739
71.1993
41.585
41.8607
42.2653
42.7162
43.204
43.7305
44.2904
44.8819
45.5063
46.166
46.8682
47.6216
48.4365
49.3247
50.2992
51.3752
52.57
53.9031
55.3976
57.0781
58.9839
61.1175
63.6563
66.1169
70.6067
39.4369
39.8173
40.3285
40.8609
41.4141
41.9956
42.6006
43.2277
43.8828
44.5732
45.3023
46.0798
46.9168
47.8258
48.8206
49.9167
51.132
52.4863
54.0028
55.7068
57.6377
59.8004
62.3714
64.8797
69.446
36.5884
37.1014
37.7399
38.369
39.0017
39.6516
40.3147
40.9912
41.6882
42.4157
43.1851
44.001
44.8754
45.821
46.852
47.9839
49.2347
50.6242
52.1756
53.914
55.8789
58.0766
60.6848
63.2377
67.8792
33.3458
34.0029
34.7724
35.4991
36.2139
36.9358
37.6617
38.3941
39.1421
39.9157
40.7266
41.5888
42.5087
43.4991
44.5739
45.7486
47.0405
48.4693
50.0575
51.8301
53.8261
56.0525
58.6893
61.271
65.9751
30.0013
30.7981
31.6875
32.5007
33.2896
34.078
34.8633
35.6506
36.4504
37.2734
38.1307
39.0345
39.9992
41.0325
42.1481
43.3608
44.6872
46.1465
47.7602
49.5531
51.5636
53.7984
56.441
59.024
63.7644
26.7167
27.6435
28.6358
29.5205
30.3721
31.2181
32.0565
32.8941
33.7422
34.6114
35.512
36.4552
37.4538
38.5187
39.6614
40.8962
42.2388
43.7076
45.3233
47.1099
49.1049
51.3148
53.9261
56.4706
61.2087
23.5396
24.5884
25.6687
26.6122
27.5173
28.4138
29.2994
30.1813
31.0706
31.9772
32.9102
33.8796
34.8962
35.9715
37.1176
38.3478
39.6769
41.1226
42.7045
44.4458
46.3829
48.5211
51.0496
53.5001
58.1862
20.4517
21.6191
22.7782
23.7742
24.7279
25.6692
26.5944
27.5103
28.4267
29.3526
30.2962
31.2664
32.2718
33.3255
34.4394
35.6262
36.8999
38.2775
39.7772
41.4212
43.2443
45.25
47.6299
49.9146
54.489
17.4008
18.689
19.9253
20.9724
21.9693
22.9446
23.8928
24.8198
25.7349
26.6466
27.5625
28.491
29.4402
30.4255
31.4571
32.5479
33.7106
34.9618
36.318
37.8003
39.441
41.2417
43.3954
45.4295
49.825
14.3137
15.7306
17.0447
18.1346
19.1543
20.1327
21.0637
21.9545
22.8152
23.6551
24.4819
25.3036
26.1354
26.9883
27.8726
28.801
29.7857
30.8426
31.9862
33.2361
34.6219
36.1412
37.9888
39.6827
43.8214
11.0918
12.6366
14.0038
15.0894
16.0665
16.9707
17.8008
18.5678
19.285
19.963
20.6123
21.2497
21.8857
22.531
23.1965
23.8941
24.6352
25.4336
26.3019
27.2562
28.323
29.4931
30.9595
32.2291
35.982
7.56791
9.15347
10.4421
11.3707
12.1459
12.8199
13.4018
13.91
14.3604
14.7724
15.162
15.5388
15.9137
16.2951
16.693
17.1152
17.5714
18.0701
18.6209
19.2334
19.9287
20.6899
21.6928
22.4654
25.5224
3.51418
4.76873
5.63829
6.14247
6.50958
6.7993
7.0265
7.20985
7.36999
7.51528
7.65244
7.78685
7.924
8.06784
8.22291
8.39255
8.58113
8.79198
9.02938
9.29707
9.60675
9.94274
10.4196
10.6954
12.578
)
;

boundaryField
{
    inlet
    {
        type            calculated;
        value           uniform 100;
    }
    outlet
    {
        type            calculated;
        value           nonuniform List<scalar> 
57
(
29.5966
38.9263
42.863
44.8342
46.1381
47.1567
48.0241
48.7974
49.5058
50.1664
50.7914
51.3902
51.971
52.5413
53.108
53.6777
54.2568
54.8523
55.5406
56.2929
57.0549
57.8302
58.62
59.4238
60.2403
61.0665
61.8985
62.7
63.4859
64.2824
65.0821
65.8769
66.6578
67.4146
68.1379
68.836
69.4858
70.073
70.583
70.9993
71.3015
71.4627
71.4459
71.1993
70.6067
69.446
67.8792
65.9751
63.7644
61.2087
58.1862
54.489
49.825
43.8214
35.982
25.5224
12.578
)
;
    }
    upperWall
    {
        type            calculated;
        value           uniform 0;
    }
    lowerWall
    {
        type            calculated;
        value           uniform 0;
    }
    frontAndBack
    {
        type            empty;
    }
}


// ************************************************************************* //
