/*--------------------------------*- C++ -*----------------------------------*\
| =========                 |                                                 |
| \\      /  F ield         | OpenFOAM: The Open Source CFD Toolbox           |
|  \\    /   O peration     | Version:  2.3.1                                 |
|   \\  /    A nd           | Web:      www.OpenFOAM.org                      |
|    \\/     M anipulation  |                                                 |
\*---------------------------------------------------------------------------*/
FoamFile
{
    version     2.0;
    format      ascii;
    class       volScalarField;
    location    "100";
    object      UpointU;
}
// * * * * * * * * * * * * * * * * * * * * * * * * * * * * * * * * * * * * * //

dimensions      [0 2 -2 0 0 0 0];

internalField   nonuniform List<scalar> 
12225
(
98.3501
95.3598
91.1295
86.9389
83.1759
79.7832
76.6962
73.88
71.305
68.942
66.7636
64.7445
62.8613
61.0906
59.4067
57.7763
56.0841
54.5015
100.867
100.616
99.8382
98.853
97.8578
96.8311
95.7546
94.6384
93.4966
92.3389
91.1709
89.9956
88.8124
87.6171
86.3996
85.1436
83.8485
82.5201
99.8555
100.027
100.315
100.416
100.432
100.38
100.255
100.067
99.8282
99.5444
99.2189
98.8526
98.4446
97.9911
97.4861
96.9226
96.3103
95.6145
99.9965
100.231
100.577
100.752
100.852
100.918
100.947
100.941
100.906
100.844
100.754
100.634
100.483
100.297
100.073
99.81
99.5213
99.1968
100.042
100.271
100.564
100.735
100.854
100.953
101.026
101.073
101.095
101.095
101.071
101.023
100.948
100.847
100.717
100.562
100.392
100.205
100.047
100.246
100.499
100.673
100.803
100.913
101
101.062
101.103
101.123
101.123
101.101
101.058
100.994
100.909
100.807
100.699
100.588
100.04
100.205
100.425
100.596
100.729
100.841
100.933
101.003
101.054
101.086
101.099
101.095
101.072
101.033
100.979
100.916
100.851
100.79
100.034
100.174
100.366
100.528
100.659
100.772
100.866
100.94
100.997
101.037
101.06
101.067
101.059
101.039
101.007
100.971
100.936
100.911
100.03
100.149
100.318
100.47
100.597
100.708
100.802
100.88
100.941
100.987
101.018
101.036
101.041
101.035
101.023
101.009
100.999
101.001
100.026
100.127
100.272
100.411
100.533
100.641
100.735
100.815
100.88
100.933
100.972
101
101.018
101.029
101.037
101.044
101.059
101.087
100.023
100.106
100.23
100.356
100.47
100.575
100.668
100.749
100.819
100.878
100.926
100.966
100.998
101.026
101.054
101.084
101.122
101.175
100.019
100.088
100.193
100.306
100.413
100.513
100.605
100.688
100.762
100.828
100.886
100.938
100.986
101.032
101.079
101.131
101.192
101.268
100.016
100.073
100.162
100.263
100.363
100.459
100.55
100.636
100.715
100.788
100.857
100.922
100.985
101.049
101.116
101.19
101.272
101.369
100.013
100.062
100.138
100.228
100.322
100.416
100.507
100.596
100.681
100.763
100.843
100.921
101.001
101.082
101.168
101.261
101.362
101.477
100.012
100.053
100.121
100.203
100.292
100.384
100.478
100.57
100.663
100.754
100.846
100.938
101.032
101.13
101.233
101.343
101.46
101.59
100.01
100.048
100.109
100.187
100.274
100.367
100.463
100.562
100.662
100.763
100.867
100.972
101.081
101.193
101.31
101.434
101.563
101.704
100.01
100.045
100.105
100.181
100.269
100.365
100.466
100.572
100.68
100.792
100.906
101.024
101.144
101.269
101.398
101.531
101.669
101.817
100.01
100.046
100.107
100.186
100.278
100.379
100.486
100.6
100.717
100.838
100.962
101.089
101.219
101.353
101.489
101.629
101.771
101.922
100.011
100.049
100.114
100.199
100.297
100.405
100.52
100.641
100.766
100.895
101.027
101.161
101.298
101.437
101.578
101.721
101.865
102.016
100.011
100.053
100.125
100.217
100.323
100.439
100.562
100.69
100.822
100.958
101.095
101.235
101.377
101.519
101.663
101.807
101.952
102.102
100.012
100.059
100.138
100.241
100.356
100.48
100.611
100.746
100.885
101.026
101.169
101.313
101.458
101.603
101.749
101.894
102.038
102.187
100.013
100.064
100.154
100.268
100.394
100.527
100.665
100.807
100.951
101.097
101.244
101.392
101.539
101.686
101.833
101.978
102.122
102.268
100.012
100.068
100.172
100.301
100.437
100.577
100.723
100.87
101.02
101.17
101.32
101.469
101.618
101.766
101.913
102.058
102.2
102.346
100.008
100.067
100.19
100.334
100.479
100.627
100.777
100.929
101.081
101.233
101.384
101.535
101.684
101.831
101.977
102.12
102.261
102.402
99.9994
100.061
100.207
100.366
100.517
100.669
100.824
100.978
101.131
101.282
101.433
101.582
101.729
101.875
102.018
102.159
102.296
102.435
99.9712
100.028
100.21
100.378
100.528
100.68
100.835
100.988
101.14
101.29
101.438
101.585
101.729
101.871
102.01
102.146
102.277
102.406
99.8987
99.931
100.179
100.375
100.527
100.674
100.818
100.957
101.092
101.224
101.355
101.484
101.61
101.734
101.855
101.973
102.086
102.2
99.7067
99.6517
99.9155
100.132
100.307
100.462
100.593
100.701
100.792
100.871
100.941
101.002
101.057
101.107
101.152
101.193
101.228
101.253
100.376
100.323
100.084
99.7653
99.4939
99.2444
98.9823
98.7005
98.4022
98.0911
97.7702
97.4429
97.1123
96.7814
96.4528
96.1288
95.8124
95.4946
99.921
99.4115
97.516
95.2429
93.0277
90.9181
88.9072
87.0031
85.2127
83.5361
81.97
80.5093
79.1486
77.882
76.7035
75.6079
74.5937
73.6302
0.00466411
0.0382482
0.0963541
0.193138
0.334638
0.524544
0.763582
1.05137
1.38688
1.76866
2.19486
2.66345
3.17221
3.71885
4.30108
4.91664
5.56335
6.23911
6.94194
7.66991
8.42121
9.19406
9.98673
10.7975
11.6246
12.4663
13.3206
14.1856
15.059
15.9384
16.8213
17.7049
18.5861
19.4617
20.3278
21.1806
22.0158
22.8287
23.6146
24.3688
25.0859
25.7604
26.3861
26.9567
27.4663
27.9092
28.2805
28.5747
28.7859
28.9072
28.9322
28.8588
28.6835
28.4044
28.0207
27.5328
26.9428
26.2543
25.4725
24.6039
23.6569
22.6411
21.5671
20.4467
19.2922
18.1161
16.9308
15.7485
14.5805
13.4369
12.3268
11.2579
10.2363
9.267
8.35326
7.49725
6.69992
5.96127
5.28037
4.65568
4.08504
3.566
3.09574
2.67139
2.28992
1.94842
1.64397
1.37387
1.1354
0.926103
0.743498
0.585453
0.450096
0.33561
0.240482
0.163134
0.102037
0.0569018
0.026623
0.00960788
0.00457321
0.0120592
0.0306807
0.0595401
0.0977779
0.144614
0.199354
0.261373
0.330111
0.405062
0.485766
0.571803
0.662792
0.758379
0.858244
0.962089
1.06964
1.18065
1.29488
1.41211
1.53215
1.65481
1.77992
1.90731
2.03683
2.16835
2.30173
2.43683
2.57354
2.71174
2.85132
2.99217
3.13422
3.27737
3.42153
3.56656
3.71235
3.85881
4.00588
4.15348
4.30151
4.44982
4.59831
4.74684
4.89534
5.04368
5.19176
5.33944
5.48662
5.63319
5.77903
5.92399
6.06792
6.21067
6.35209
6.49204
6.63036
6.76687
6.9014
7.03377
7.16376
7.29117
7.41574
7.53718
7.65515
7.76923
7.87888
7.98344
8.08205
8.17356
8.25649
8.32884
8.388
8.43078
8.45421
8.44985
8.4049
8.29449
8.09254
7.43644
0.0912614
0.190603
0.297554
0.429573
0.596021
0.803783
1.05533
1.35087
1.68956
2.06998
2.49029
2.94844
3.44224
3.96945
4.52784
5.11526
5.72962
6.36895
7.03135
7.71503
8.41825
9.13935
9.87665
10.6285
11.3932
12.1689
12.9539
13.7462
14.5436
15.3437
16.1441
16.942
17.7346
18.5185
19.2904
20.0465
20.7827
21.4948
22.1784
22.8289
23.4415
24.0113
24.5327
25.0002
25.4084
25.7525
26.0281
26.2306
26.3547
26.394
26.346
26.2081
25.978
25.6544
25.2369
24.7266
24.1257
23.4379
22.6684
21.8235
20.9112
19.9403
18.921
17.8642
16.7811
15.6835
14.5826
13.4894
12.4143
11.3664
10.3537
9.38315
8.46
7.58835
6.77099
6.0095
5.30445
4.65546
4.06141
3.52059
3.03079
2.58951
2.19402
1.84148
1.52901
1.25381
1.01316
0.804483
0.625318
0.473391
0.346509
0.242789
0.160501
0.0979796
0.0541232
0.0274612
0.0167985
0.0217943
0.0409301
0.0727866
0.116496
0.170723
0.234965
0.308559
0.39083
0.481134
0.578878
0.683521
0.79457
0.911576
1.03413
1.16187
1.29444
1.43154
1.57288
1.71821
1.86727
2.01987
2.17578
2.33484
2.49686
2.66171
2.82922
2.99927
3.17174
3.34651
3.52348
3.70255
3.88362
4.0666
4.25141
4.43797
4.62622
4.81611
5.00754
5.20041
5.39464
5.59015
5.7869
5.98481
6.18379
6.38373
6.58449
6.78598
6.9881
7.19073
7.39375
7.59702
7.80043
8.00386
8.20714
8.41011
8.61259
8.8144
9.01536
9.21528
9.41396
9.61116
9.80668
10.0003
10.1916
10.3806
10.5667
10.7496
10.929
11.1042
11.2748
11.4399
11.5985
11.7494
11.8908
12.0205
12.1355
12.2306
12.2991
12.333
12.3173
12.2251
12.0391
11.5063
0.33686
0.511203
0.654146
0.806206
0.978119
1.1774
1.40784
1.67072
1.96612
2.29353
2.65203
3.04047
3.45759
3.90202
4.37238
4.86732
5.38549
5.92559
6.48636
7.06654
7.6649
8.28019
8.91115
9.55643
10.2146
10.8843
11.5637
12.2513
12.9449
13.6425
14.3418
15.0403
15.7352
16.4235
17.1021
17.7674
18.4156
19.043
19.6452
20.2181
20.7572
21.2579
21.7152
22.1241
22.4795
22.777
23.0126
23.1823
23.2812
23.3036
23.2476
23.1099
22.8884
22.582
22.1905
21.7147
21.1568
20.5203
19.8099
19.0317
18.1929
17.3019
16.3683
15.4021
14.414
13.4149
12.4154
11.4257
10.4554
9.51305
8.60589
7.74008
6.92042
6.15043
5.43239
4.76752
4.15602
3.59728
3.08999
2.63234
2.2221
1.85678
1.53371
1.25019
1.00349
0.790984
0.610159
0.458629
0.334188
0.234776
0.158403
0.103515
0.0685204
0.051835
0.0526632
0.0694245
0.100812
0.145624
0.20272
0.270918
0.349407
0.437476
0.534565
0.640065
0.753364
0.873885
1.00109
1.1345
1.27366
1.41817
1.56767
1.72183
1.88034
2.04293
2.20935
2.37937
2.55279
2.72942
2.90908
3.09163
3.27691
3.46481
3.6552
3.84798
4.04305
4.24032
4.43971
4.64115
4.84457
5.04989
5.25707
5.46605
5.6768
5.88927
6.10341
6.31913
6.53637
6.7551
6.97527
7.19684
7.41973
7.64384
7.86908
8.09537
8.32261
8.55071
8.77956
9.00905
9.23906
9.46947
9.70015
9.93093
10.1616
10.3921
10.6221
10.8516
11.0802
11.3077
11.534
11.7587
11.9817
12.2026
12.4211
12.6368
12.8493
13.0581
13.2626
13.462
13.6554
13.8414
14.0186
14.1847
14.3368
14.4707
14.5786
14.6541
14.6848
14.6513
14.5539
14.2459
0.748565
0.991105
1.14861
1.29775
1.45314
1.62268
1.81117
2.02097
2.25328
2.50872
2.78751
3.08964
3.41486
3.76282
4.13305
4.525
4.93806
5.37157
5.82482
6.29706
6.78747
7.2952
7.81929
8.35869
8.91228
9.47877
10.0568
10.6447
11.2408
11.8433
12.4499
13.0583
13.666
14.2702
14.8679
15.4558
16.0305
16.5883
17.1252
17.6373
18.1204
18.5701
18.9818
19.3509
19.6726
19.9425
20.157
20.3123
20.4039
20.4264
20.3776
20.2547
20.0557
19.7792
19.4251
18.9939
18.4876
17.9092
17.2629
16.5544
15.7904
14.9787
14.1283
13.2488
12.3503
11.4432
10.5377
9.64348
8.7696
7.92407
7.11375
6.34425
5.61987
4.94367
4.31752
3.74223
3.21769
2.74303
2.31676
1.93692
1.60124
1.30724
1.05232
0.83386
0.649295
0.49617
0.372159
0.274998
0.202743
0.153543
0.125348
0.116987
0.126881
0.153322
0.194865
0.250218
0.318179
0.397684
0.487708
0.587275
0.6957
0.812477
0.937108
1.06906
1.20779
1.35279
1.50357
1.65969
1.82076
1.98642
2.15633
2.33021
2.50778
2.6888
2.87306
3.06037
3.25053
3.44339
3.63881
3.83666
4.03682
4.23919
4.44367
4.65018
4.85865
5.06902
5.28122
5.4952
5.71092
5.92833
6.1474
6.36811
6.59045
6.81438
7.03988
7.26689
7.49538
7.72533
7.95673
8.18955
8.42373
8.65921
8.89592
9.13379
9.37276
9.61275
9.85368
10.0954
10.338
10.5811
10.8248
11.0688
11.3131
11.5574
11.8015
12.0454
12.2888
12.5314
12.7731
13.0135
13.2526
13.4899
13.7251
13.958
14.188
14.4147
14.6375
14.8558
15.0685
15.2746
15.4726
15.6605
15.8356
15.9944
16.1314
16.2396
16.3118
16.3366
16.3264
16.1983
1.27843
1.58753
1.74631
1.87742
2.00174
2.12836
2.26332
2.41026
2.57157
2.74896
2.94367
3.15663
3.38848
3.63965
3.91035
4.20066
4.51049
4.83965
5.18785
5.5547
5.9397
6.34228
6.76174
7.1973
7.64803
8.11291
8.59074
9.08018
9.57972
10.0877
10.6022
11.1211
11.6422
12.1629
12.6805
13.192
13.6944
14.1841
14.6576
15.1112
15.541
15.9429
16.3129
16.6464
16.939
17.1866
17.3857
17.5328
17.6239
17.6537
17.6198
17.5198
17.3514
17.1133
16.8048
16.4265
15.9796
15.4667
14.8915
14.2588
13.5748
12.8467
12.0829
11.2925
10.4851
9.67062
8.85899
8.05956
7.28097
6.53084
5.81565
5.14056
4.50946
3.92496
3.38857
2.90072
2.461
2.0683
1.72098
1.41698
1.15396
0.929493
0.741075
0.586182
0.462309
0.367222
0.298825
0.254647
0.23302
0.232393
0.250607
0.285982
0.336999
0.402209
0.480303
0.570101
0.670537
0.780677
0.89964
1.02663
1.16107
1.30252
1.45053
1.60466
1.76444
1.92942
2.09918
2.27333
2.45152
2.63343
2.81877
3.00728
3.19872
3.39289
3.5896
3.78867
3.98997
4.19334
4.39869
4.60589
4.81486
5.02552
5.2378
5.45164
5.66699
5.88381
6.10206
6.32171
6.54274
6.76514
6.98889
7.21401
7.44049
7.66834
7.89755
8.12809
8.35997
8.5932
8.82779
9.06372
9.30099
9.53954
9.77936
10.0204
10.2626
10.5059
10.7504
10.9958
11.2421
11.4894
11.7373
11.9859
12.2349
12.4843
12.7339
12.9834
13.2327
13.4817
13.73
13.9775
14.2238
14.4688
14.7121
14.9533
15.1921
15.428
15.6605
15.8889
16.1123
16.3298
16.5401
16.7414
16.9315
17.1075
17.2655
17.3999
17.5073
17.5831
17.6457
17.649
1.8691
2.24572
2.39744
2.50148
2.58663
2.66384
2.74052
2.82168
2.91086
3.01075
3.12343
3.25053
3.3933
3.55268
3.72933
3.92371
4.13605
4.36645
4.61487
4.88113
5.16498
5.46601
5.78376
6.11764
6.46694
6.83084
7.2084
7.59852
7.99997
8.41133
8.83104
9.25732
9.68822
10.1216
10.5551
10.9862
11.4121
11.8298
12.2361
12.6278
13.0014
13.3533
13.6797
13.9767
14.2401
14.4661
14.6512
14.7925
14.8864
14.9279
14.9142
14.8431
14.7125
14.5207
14.2669
13.9508
13.5734
13.1363
12.6425
12.096
11.5021
10.8673
10.199
9.50578
8.79674
8.08137
7.36911
6.66903
5.98943
5.3376
4.71966
4.14043
3.60341
3.11088
2.664
2.26296
1.90711
1.59516
1.32538
1.09573
0.90383
0.747191
0.623525
0.530487
0.465241
0.42569
0.410354
0.416595
0.442393
0.485975
0.545645
0.619867
0.707252
0.806506
0.916483
1.03614
1.16456
1.30093
1.4445
1.59462
1.75079
1.9126
2.07967
2.25162
2.42805
2.60858
2.79285
2.98052
3.17128
3.36485
3.56098
3.75944
3.96004
4.16258
4.36691
4.57288
4.78038
4.98929
5.19952
5.41099
5.62362
5.83736
6.05216
6.26798
6.4848
6.7026
6.92136
7.14108
7.36175
7.58339
7.80602
8.02967
8.25436
8.48012
8.70697
8.93492
9.16401
9.39428
9.62576
9.85848
10.0925
10.3277
10.5642
10.8019
11.0409
11.2811
11.5225
11.7651
12.0089
12.2537
12.4995
12.7463
12.9938
13.242
13.4907
13.7398
13.989
14.2382
14.4873
14.7358
14.9837
15.2306
15.4762
15.7203
15.9623
16.2019
16.4387
16.6718
16.9008
17.1246
17.3421
17.5518
17.7521
17.9405
18.1147
18.2708
18.4084
18.5274
18.6484
18.7473
2.46174
2.90853
3.04924
3.12242
3.1661
3.19342
3.21314
3.23145
3.25291
3.281
3.31844
3.36734
3.42931
3.50559
3.59707
3.70436
3.82786
3.96778
4.12419
4.29701
4.48609
4.69117
4.91188
5.14779
5.39837
5.66301
5.94096
6.23141
6.53339
6.84582
7.16747
7.49698
7.83281
8.17327
8.51648
8.86042
9.20285
9.54137
9.87336
10.1961
10.5067
10.8021
11.0793
11.3346
11.5647
11.7659
11.9351
12.0697
12.1669
12.2221
12.2318
12.1946
12.1081
11.9706
11.7808
11.538
11.2422
10.8943
10.4962
10.0508
9.56195
9.03513
8.47677
7.89443
7.29641
6.69151
6.08868
5.49656
4.9231
4.37528
3.85894
3.37864
2.93767
2.53807
2.18079
1.86593
1.59287
1.36006
1.16568
1.00797
0.884534
0.792383
0.729371
0.694042
0.683356
0.694986
0.726954
0.777278
0.844133
0.925896
1.02106
1.12829
1.24635
1.37411
1.51058
1.65485
1.80614
1.96373
2.12702
2.29545
2.4686
2.64609
2.82759
3.01277
3.20129
3.39284
3.5871
3.78378
3.98262
4.18338
4.38583
4.58979
4.79507
5.00153
5.20903
5.41746
5.6267
5.83667
6.0473
6.25852
6.4703
6.68258
6.89534
7.10857
7.32225
7.53639
7.75098
7.96605
8.18162
8.39773
8.61441
8.83172
9.04971
9.26842
9.48791
9.70823
9.92944
10.1516
10.3748
10.5991
10.8245
11.0511
11.279
11.5081
11.7385
11.9702
12.2032
12.4377
12.6735
12.9106
13.149
13.3887
13.6295
13.8714
14.1142
14.3578
14.6021
14.8469
15.0919
15.337
15.5819
15.8264
16.0701
16.3128
16.5541
16.7935
17.0307
17.265
17.4958
17.7224
17.9438
18.1588
18.3661
18.5641
18.7513
18.9261
19.0891
19.2443
19.4117
19.5808
3.00123
3.5226
3.65272
3.69586
3.70044
3.68209
3.65072
3.61346
3.57568
3.54145
3.51392
3.49548
3.48796
3.49269
3.51063
3.54241
3.58843
3.64888
3.72382
3.81317
3.91676
4.03435
4.16562
4.31021
4.46768
4.63756
4.81927
5.01222
5.2157
5.42893
5.65105
5.88109
6.11796
6.36049
6.60736
6.85714
7.10827
7.35903
7.60756
7.85186
8.08982
8.31924
8.53777
8.7428
8.93147
9.10086
9.24831
9.37172
9.46904
9.53693
9.57052
9.56947
9.53163
9.45509
9.33825
9.17987
8.97918
8.73596
8.45069
8.12469
7.76036
7.3613
6.93241
6.47975
6.01033
5.53187
5.05245
4.58016
4.12258
3.68641
3.27731
2.89975
2.55704
2.25129
1.98322
1.75289
1.56017
1.40325
1.27959
1.18796
1.127
1.09354
1.08518
1.0999
1.13551
1.18997
1.26145
1.34821
1.44865
1.56136
1.68503
1.81852
1.96074
2.11074
2.26763
2.43066
2.59914
2.77247
2.95013
3.13166
3.31668
3.50486
3.69592
3.88955
4.08548
4.28343
4.48314
4.68436
4.88687
5.09045
5.29492
5.50012
5.70589
5.91211
6.11865
6.32543
6.53236
6.73936
6.9464
7.15341
7.36037
7.56726
7.77407
7.98078
8.18742
8.39399
8.60051
8.80703
9.01358
9.22021
9.427
9.634
9.84129
10.0489
10.257
10.4656
10.6748
10.8847
11.0954
11.307
11.5195
11.7332
11.9479
12.1639
12.3813
12.6
12.8201
13.0418
13.2651
13.4899
13.7164
13.9444
14.174
14.405
14.6375
14.8714
15.1064
15.3424
15.5794
15.817
16.0551
16.2933
16.5315
16.7694
17.0065
17.2425
17.477
17.7095
17.9394
18.1661
18.3888
18.6067
18.8188
19.024
19.2219
19.4122
19.5969
19.782
19.9862
20.2073
3.44068
4.0421
4.1658
4.18339
4.15479
4.09839
4.02507
3.94266
3.85704
3.77269
3.69303
3.6206
3.55728
3.50441
3.46288
3.43326
3.41583
3.41067
3.41771
3.43678
3.46759
3.50983
3.56312
3.62706
3.70123
3.78517
3.87843
3.9805
4.09088
4.20901
4.33433
4.46622
4.60402
4.74704
4.89452
5.04567
5.19961
5.35541
5.51206
5.66843
5.82337
5.97567
6.12403
6.26697
6.40274
6.52935
6.64495
6.74815
6.83794
6.91257
6.96593
6.99909
7.01027
6.99776
6.95985
6.8949
6.80139
6.67798
6.52363
6.33769
6.12027
5.87252
5.59688
5.29713
4.9782
4.64605
4.30739
3.96945
3.63938
3.32373
3.02811
2.75687
2.51353
2.30091
2.1194
1.9681
1.84842
1.7596
1.69926
1.66564
1.65712
1.67161
1.70714
1.76186
1.83394
1.92165
2.02341
2.13772
2.26324
2.39872
2.54309
2.69535
2.85458
3.01994
3.19068
3.36614
3.54572
3.72891
3.91526
4.10438
4.29593
4.48963
4.6852
4.88239
5.08096
5.28067
5.4813
5.68263
5.88448
6.08665
6.28899
6.49136
6.69363
6.89569
7.09745
7.29881
7.49973
7.70014
7.90001
8.0993
8.29799
8.49607
8.69355
8.89043
9.08673
9.28248
9.47772
9.67248
9.86683
10.0608
10.2546
10.4481
10.6415
10.8349
11.0284
11.2221
11.416
11.6104
11.8053
12.0008
12.1971
12.3943
12.5925
12.7918
12.9925
13.1944
13.3979
13.6031
13.8099
14.0186
14.2291
14.4415
14.6558
14.8721
15.0903
15.3103
15.5321
15.7556
15.9806
16.207
16.4346
16.6632
16.8924
17.1221
17.3519
17.5815
17.8105
18.0384
18.2648
18.4892
18.7109
18.9294
19.1441
19.3545
19.5607
19.7637
19.9663
20.1759
20.4089
20.6687
3.74382
4.43062
4.55509
4.55436
4.50104
4.41653
4.31256
4.1974
4.07726
3.95684
3.83967
3.72834
3.62472
3.53006
3.44516
3.37042
3.30598
3.25174
3.20744
3.17272
3.14711
3.13014
3.12127
3.11998
3.12572
3.13799
3.15627
3.1801
3.20901
3.24259
3.28043
3.32216
3.36744
3.41596
3.46745
3.52165
3.57834
3.63731
3.69838
3.76135
3.82604
3.89232
3.96007
4.02913
4.09915
4.16954
4.23965
4.3092
4.37846
4.44789
4.51073
4.56954
4.62334
4.67108
4.71142
4.74278
4.76327
4.77072
4.76258
4.73598
4.68809
4.61662
4.52048
4.39991
4.25666
4.09394
3.91624
3.72913
3.53897
3.35216
3.1747
3.01041
2.86207
2.73516
2.63127
2.55051
2.49336
2.45986
2.449
2.45969
2.49068
2.54047
2.60752
2.69038
2.78756
2.89766
3.01934
3.15138
3.29261
3.442
3.59861
3.76162
3.9302
4.10364
4.28125
4.46247
4.64676
4.83368
5.02282
5.21384
5.40643
5.60033
5.79529
5.99108
6.1875
6.38432
6.58135
6.77842
6.97534
7.17196
7.36816
7.56379
7.75875
7.95295
8.14631
8.33876
8.53026
8.72074
8.9102
9.09861
9.28595
9.47223
9.65746
9.84165
10.0248
10.207
10.3883
10.5687
10.7483
10.9271
11.1053
11.283
11.4601
11.6369
11.8133
11.9897
12.166
12.3424
12.519
12.696
12.8736
13.0518
13.2308
13.4108
13.5919
13.7744
13.9583
14.1439
14.3312
14.5205
14.7118
14.9053
15.101
15.299
15.4993
15.702
15.907
16.1144
16.3239
16.5356
16.7492
16.9646
17.1815
17.3999
17.6192
17.8393
18.0599
18.2805
18.5007
18.7203
18.9387
19.1555
19.3706
19.5839
19.7961
20.0088
20.2258
20.4545
20.7095
20.9977
3.88622
4.66216
4.79684
4.78701
4.71905
4.61768
4.49551
4.3611
4.22079
4.07933
3.94029
3.80623
3.67896
3.55965
3.44894
3.34709
3.25404
3.1695
3.093
3.02394
2.96164
2.90539
2.85443
2.80802
2.76542
2.72594
2.68894
2.65382
2.62006
2.58722
2.55492
2.52291
2.49101
2.45913
2.42733
2.39574
2.36463
2.33437
2.30546
2.27846
2.25408
2.23313
2.21659
2.20555
2.20108
2.20416
2.21569
2.23682
2.26925
2.31564
2.37222
2.44089
2.52253
2.61743
2.7254
2.8457
2.97688
3.11662
3.26146
3.40659
3.54604
3.67325
3.78224
3.86805
3.92726
3.95868
3.96289
3.94245
3.90161
3.84557
3.78211
3.71694
3.65492
3.601
3.55905
3.53132
3.51954
3.52463
3.54673
3.58556
3.64052
3.71073
3.79518
3.89279
4.00243
4.12299
4.25338
4.39256
4.53954
4.69342
4.8534
5.01874
5.18871
5.36264
5.53992
5.72002
5.90245
6.0868
6.27269
6.45981
6.64786
6.83658
7.02576
7.21517
7.40462
7.59391
7.78286
7.97132
8.15913
8.34615
8.53226
8.71735
8.90133
9.08412
9.26565
9.44586
9.62471
9.80217
9.97821
10.1528
10.326
10.4978
10.6682
10.8371
11.0048
11.1711
11.3361
11.5
11.6627
11.8243
11.985
12.1448
12.3038
12.4621
12.6198
12.777
12.934
13.0907
13.2474
13.4042
13.5612
13.7187
13.8768
14.0356
14.1954
14.3563
14.5187
14.6826
14.8482
15.0158
15.1854
15.3574
15.5318
15.7087
15.8883
16.0707
16.2559
16.4439
16.6348
16.8284
17.0248
17.2238
17.4253
17.629
17.8348
18.0424
18.2515
18.4619
18.6733
18.8853
19.0978
19.3105
19.5235
19.7372
19.9526
20.1721
20.3996
20.6424
20.9134
21.2219
3.86304
4.71795
4.87627
4.8689
4.79756
4.69124
4.5637
4.42374
4.27775
4.13048
3.98544
3.84513
3.71124
3.58491
3.46671
3.3567
3.25466
3.16009
3.07232
2.99053
2.9138
2.84115
2.77156
2.70403
2.63756
2.57121
2.50408
2.43538
2.3644
2.29054
2.21334
2.13248
2.04779
1.95928
1.86712
1.77167
1.67348
1.57331
1.4721
1.37097
1.27127
1.1745
1.08244
0.997089
0.920615
0.855285
0.803474
0.767784
0.75126
0.757874
0.790655
0.849729
0.938623
1.05963
1.2145
1.40431
1.62923
1.88808
2.17792
2.49351
2.82708
3.16734
3.502
3.81846
4.10491
4.35256
4.55293
4.70462
4.81141
4.87941
4.91728
4.93403
4.93769
4.93569
4.93412
4.93755
4.94947
4.97221
5.00719
5.0551
5.1161
5.18992
5.27604
5.37373
5.48217
5.60046
5.72768
5.86292
6.00527
6.15391
6.30811
6.46716
6.63036
6.79707
6.96668
7.13869
7.3126
7.48802
7.66457
7.84194
8.01983
8.198
8.37621
8.55425
8.73193
8.90906
9.08548
9.26104
9.43559
9.60901
9.78119
9.95202
10.1214
10.2894
10.4557
10.6205
10.7836
10.9451
11.1048
11.2629
11.4193
11.5741
11.7272
11.8786
12.0285
12.1768
12.3236
12.469
12.613
12.7558
12.8973
13.0376
13.177
13.3154
13.453
13.5899
13.7262
13.8621
13.9977
14.1331
14.2686
14.4042
14.5402
14.6768
14.8141
14.9524
15.0919
15.2328
15.3754
15.5198
15.6662
15.815
15.9662
16.1201
16.2769
16.4367
16.5997
16.7659
16.9354
17.1084
17.2847
17.4644
17.6474
17.8335
18.0227
18.2148
18.4096
18.6069
18.8065
19.0083
19.2121
19.4179
19.6262
19.8375
20.0532
20.2759
20.5099
20.7621
21.0438
21.3655
3.67902
4.59377
4.7879
4.79559
4.73279
4.63357
4.51329
4.3812
4.24374
4.10562
3.97028
3.84015
3.71686
3.60141
3.49425
3.39536
3.30438
3.22066
3.14335
3.07141
3.00371
2.93902
2.87607
2.81357
2.75024
2.68486
2.61624
2.54332
2.46511
2.3808
2.28972
2.19138
2.0855
1.972
1.85106
1.72306
1.58868
1.44883
1.30468
1.15766
1.00942
0.861857
0.717054
0.578008
0.447309
0.327947
0.223249
0.136914
0.0731432
0.0369088
0.0338887
0.0688208
0.146796
0.272354
0.449739
0.682773
0.97456
1.32694
1.73975
2.21018
2.73314
3.28916
3.85801
4.41638
4.93954
5.40535
5.79875
6.11453
6.35466
6.52685
6.64266
6.71484
6.75571
6.77642
6.78632
6.79284
6.80165
6.81684
6.84118
6.87635
6.92326
6.98218
7.05295
7.13509
7.22795
7.33071
7.44251
7.56244
7.68961
7.82317
7.96235
8.10644
8.25471
8.40646
8.56108
8.71802
8.87678
9.03692
9.19806
9.35986
9.52201
9.68426
9.84635
10.0081
10.1692
10.3296
10.4891
10.6475
10.8047
10.9605
11.115
11.2679
11.4192
11.5689
11.7168
11.863
12.0074
12.15
12.2907
12.4297
12.5668
12.7021
12.8356
12.9674
13.0974
13.2257
13.3525
13.4776
13.6013
13.7235
13.8444
13.964
14.0824
14.1998
14.3162
14.4317
14.5465
14.6607
14.7744
14.8878
15.001
15.1142
15.2275
15.3413
15.4556
15.5707
15.6868
15.8041
15.9229
16.0434
16.1659
16.2906
16.4176
16.5474
16.6801
16.8159
16.9551
17.0978
17.2441
17.3943
17.5483
17.7064
17.8684
18.0344
18.2044
18.3783
18.556
18.7374
18.9224
19.111
19.3034
19.4996
19.7001
19.906
20.1189
20.3414
20.5779
20.835
21.1222
21.4509
3.34703
4.29786
4.53784
4.5731
4.53057
4.44987
4.3485
4.2365
4.12055
4.00538
3.89436
3.78986
3.69343
3.60597
3.5278
3.45883
3.39857
3.34625
3.30086
3.2612
3.22594
3.19365
3.16282
3.13192
3.09939
3.06371
3.02342
2.97713
2.92358
2.86163
2.79035
2.70899
2.61704
2.51425
2.40061
2.27645
2.14236
1.99928
1.84842
1.69134
1.52989
1.36619
1.20269
1.04224
0.887923
0.743095
0.61154
0.497538
0.405973
0.342341
0.312792
0.327184
0.392461
0.51574
0.704036
0.964367
1.30356
1.72759
2.24029
2.84121
3.52289
4.2679
5.04957
5.8327
6.57805
7.24936
7.82031
8.27844
8.62398
8.86703
9.02365
9.11223
9.15079
9.15551
9.13995
9.1149
9.08857
9.06687
9.05387
9.05215
9.06314
9.08743
9.12502
9.17546
9.23804
9.31187
9.39596
9.48928
9.5908
9.69953
9.81461
9.93521
10.0605
10.1897
10.3221
10.4571
10.5942
10.7328
10.8725
11.013
11.154
11.295
11.4359
11.5764
11.7163
11.8554
11.9936
12.1306
12.2665
12.4009
12.5339
12.6653
12.7951
12.9232
13.0495
13.174
13.2967
13.4176
13.5366
13.6538
13.7692
13.8827
13.9944
14.1043
14.2125
14.319
14.4238
14.5271
14.6289
14.7291
14.828
14.9256
15.022
15.1172
15.2115
15.3048
15.3973
15.4891
15.5803
15.6711
15.7617
15.8521
15.9425
16.0332
16.1243
16.216
16.3086
16.4023
16.4972
16.5937
16.6921
16.7924
16.8951
17.0004
17.1085
17.2197
17.3343
17.4526
17.5747
17.7008
17.8312
17.966
18.1053
18.2492
18.3979
18.5513
18.7095
18.8725
19.0404
19.2133
19.3914
19.5751
19.7651
19.9626
20.1693
20.3881
20.6231
20.8807
21.1687
21.4988
2.89298
3.85044
4.14217
4.2164
4.20521
4.15346
4.08136
4.0002
3.91719
3.83726
3.7638
3.69911
3.64463
3.60112
3.5688
3.54743
3.5364
3.53483
3.54158
3.55531
3.57457
3.59775
3.62317
3.6491
3.67376
3.69539
3.71225
3.72268
3.72509
3.71806
3.70032
3.67081
3.62871
3.57347
3.50484
3.42289
3.32802
3.221
3.10296
2.97536
2.84003
2.69915
2.55524
2.4112
2.27021
2.13582
2.01196
1.90314
1.81461
1.75249
1.72358
1.73905
1.80819
1.94047
2.14544
2.43297
2.81312
3.29553
3.88783
4.59307
5.40611
6.30976
7.27285
8.25026
9.18825
10.0343
10.7481
11.3082
11.7128
11.9756
12.1195
12.1707
12.1549
12.0946
12.0084
11.9109
11.8127
11.7214
11.6422
11.578
11.5304
11.5
11.4865
11.4892
11.5071
11.539
11.5835
11.6393
11.7051
11.7797
11.8619
11.9508
12.0454
12.1447
12.2479
12.3544
12.4634
12.5744
12.6869
12.8005
12.9148
13.0295
13.1442
13.2587
13.3728
13.4863
13.5989
13.7105
13.821
13.9302
14.038
14.1444
14.2493
14.3525
14.4541
14.554
14.6521
14.7485
14.8432
14.9361
15.0273
15.1167
15.2044
15.2905
15.3748
15.4576
15.5389
15.6186
15.6969
15.7738
15.8494
15.9238
15.997
16.0691
16.1403
16.2106
16.2801
16.3489
16.4172
16.485
16.5526
16.6199
16.6873
16.7549
16.8228
16.8913
16.9605
17.0307
17.1021
17.1749
17.2493
17.3257
17.4042
17.4852
17.5689
17.6557
17.7457
17.8394
17.9369
18.0385
18.1446
18.2553
18.3709
18.4916
18.6175
18.7488
18.8857
19.0284
19.1771
19.332
19.4935
19.6621
19.8389
20.0249
20.2223
20.4339
20.6638
20.9176
21.2023
21.5288
2.35419
3.28291
3.62499
3.74603
3.77504
3.76088
3.72666
3.68534
3.64502
3.61099
3.58675
3.57452
3.57557
3.59048
3.61924
3.66145
3.71633
3.78287
3.8598
3.94572
4.03906
4.13813
4.24117
4.34632
4.45167
4.55531
4.65529
4.74972
4.83677
4.91471
4.98194
5.03708
5.07893
5.10659
5.11943
5.11717
5.09988
5.068
5.02237
4.96421
4.89513
4.81717
4.7327
4.64454
4.55586
4.47021
4.39155
4.32435
4.27399
4.24748
4.25394
4.30202
4.40326
4.56902
4.8113
5.14277
5.57657
6.12544
6.79997
7.60564
8.53871
9.58159
10.6989
11.8368
12.9275
13.9019
14.7045
15.3048
15.7002
15.9108
15.9696
15.9137
15.7788
15.5948
15.3861
15.1705
14.961
14.7661
14.5912
14.4391
14.311
14.2067
14.1254
14.0655
14.0254
14.0033
13.9973
14.0055
14.0263
14.0581
14.0993
14.1489
14.2054
14.268
14.3354
14.407
14.4819
14.5595
14.6393
14.7206
14.8032
14.8865
14.9702
15.0542
15.138
15.2214
15.3043
15.3865
15.4678
15.5481
15.6273
15.7052
15.7818
15.8571
15.9308
16.0032
16.074
16.1432
16.2109
16.2771
16.3418
16.4049
16.4665
16.5266
16.5853
16.6425
16.6984
16.753
16.8064
16.8586
16.9096
16.9595
17.0085
17.0565
17.1038
17.1503
17.1961
17.2414
17.2862
17.3307
17.375
17.4192
17.4635
17.508
17.5528
17.5983
17.6444
17.6915
17.7397
17.7892
17.8403
17.8933
17.9482
18.0056
18.0655
18.1283
18.1943
18.2638
18.3371
18.4146
18.4964
18.583
18.6746
18.7716
18.8741
18.9825
19.0971
19.2181
19.346
19.4812
19.6241
19.7756
19.9366
20.1087
20.2939
20.4952
20.7163
20.9627
21.2404
21.5588
1.78314
2.64571
3.02724
3.19636
3.27005
3.29897
3.30878
3.31426
3.3245
3.34524
3.38003
3.43095
3.49899
3.5844
3.6869
3.80581
3.94017
4.08879
4.25035
4.42337
4.60629
4.79741
4.995
5.19718
5.40206
5.60765
5.81194
6.01289
6.2085
6.39681
6.57593
6.74415
6.89991
7.04188
7.169
7.28054
7.37609
7.45563
7.51954
7.56862
7.60408
7.62759
7.64124
7.64757
7.64958
7.65074
7.65486
7.66619
7.69011
7.73506
7.81427
7.9316
8.10053
8.33415
8.64706
9.05504
9.57441
10.2206
11.006
11.9359
13.0048
14.1904
15.4502
16.7197
17.918
18.9603
19.7774
20.3324
20.6262
20.6902
20.5727
20.3258
19.9968
19.6245
19.2381
18.8584
18.499
18.1685
17.8712
17.6087
17.3809
17.1863
17.0228
16.8877
16.7783
16.6919
16.626
16.578
16.5456
16.5268
16.5199
16.5231
16.535
16.5544
16.58
16.6108
16.646
16.6847
16.7264
16.7704
16.8163
16.8635
16.9118
16.9607
17.01
17.0594
17.1086
17.1576
17.2061
17.2539
17.3009
17.3471
17.3924
17.4365
17.4796
17.5215
17.5623
17.6018
17.6401
17.6772
17.713
17.7477
17.7811
17.8133
17.8444
17.8744
17.9034
17.9313
17.9583
17.9843
18.0095
18.0339
18.0575
18.0806
18.103
18.1249
18.1465
18.1677
18.1886
18.2094
18.2302
18.251
18.2721
18.2936
18.3155
18.3381
18.3615
18.3858
18.4114
18.4382
18.4667
18.4969
18.5291
18.5635
18.6005
18.6403
18.6831
18.7294
18.7793
18.8333
18.8916
18.9546
19.0226
19.0961
19.1753
19.2606
19.3525
19.4513
19.5576
19.6719
19.795
19.9277
20.0712
20.2272
20.3977
20.5858
20.7953
21.0309
21.2982
21.6052
1.20922
1.96301
2.36119
2.56994
2.68677
2.76102
2.81972
2.87871
2.9476
3.03218
3.13572
3.25987
3.40516
3.5714
3.75793
3.96379
4.18783
4.42879
4.68531
4.95601
5.2394
5.53396
5.83807
6.15005
6.4681
6.79036
7.11485
7.43956
7.76239
8.08126
8.3941
8.69889
8.99376
9.27696
9.54698
9.80256
10.0428
10.267
10.475
10.667
10.8437
11.0063
11.1564
11.2961
11.4282
11.5561
11.6832
11.8136
11.9527
12.1116
12.3039
12.5297
12.8058
13.1483
13.5754
14.1066
14.7613
15.5565
16.5037
17.6045
18.8452
20.1929
21.5918
22.9639
24.2145
25.2464
25.9814
26.3821
26.4595
26.264
25.8656
25.3357
24.7352
24.1109
23.4959
22.9114
22.3702
21.8784
21.4381
21.0485
20.7071
20.4102
20.154
19.9343
19.7471
19.5886
19.4552
19.3439
19.2516
19.1757
19.1142
19.065
19.0265
18.9969
18.9751
18.9597
18.9499
18.9448
18.9435
18.9455
18.9501
18.9568
18.9653
18.9751
18.9859
18.9973
19.0093
19.0214
19.0336
19.0456
19.0574
19.0687
19.0796
19.0899
19.0995
19.1084
19.1165
19.1239
19.1304
19.1361
19.141
19.1451
19.1484
19.151
19.1528
19.1538
19.1542
19.154
19.1532
19.1519
19.15
19.1477
19.1451
19.1422
19.139
19.1357
19.1322
19.1288
19.1254
19.1222
19.1192
19.1165
19.1144
19.1128
19.1119
19.1119
19.1128
19.1149
19.1183
19.123
19.1295
19.1377
19.148
19.1605
19.1755
19.1932
19.2139
19.238
19.2656
19.2971
19.3329
19.3733
19.4187
19.4694
19.5259
19.5887
19.6581
19.7348
19.8194
19.9124
20.0149
20.1279
20.2527
20.391
20.5451
20.7179
20.913
21.1352
21.3894
21.6821
0.82721
1.47918
1.85999
2.07575
2.21038
2.31092
2.40389
2.50468
2.62216
2.76125
2.92439
3.11244
3.3253
3.56225
3.82229
4.10421
4.40678
4.72871
5.06876
5.42567
5.79815
6.18491
6.58458
6.99569
7.41668
7.84585
8.28142
8.72144
9.1639
9.60668
10.0476
10.4846
10.9155
11.3384
11.7513
12.1527
12.541
12.9154
13.275
13.6196
13.9495
14.2654
14.5686
14.8611
15.1459
15.4265
15.7071
15.9922
16.2895
16.6192
16.9846
17.3911
17.8572
18.4021
19.0466
19.812
20.7177
21.778
22.997
24.3639
25.8479
27.3953
28.9293
30.3535
31.5607
32.4487
32.9436
33.0235
32.7261
32.1335
31.344
30.4487
29.5191
28.6048
27.7376
26.9348
26.2046
25.5487
24.9648
24.4487
23.9946
23.5967
23.2487
22.9451
22.6804
22.4497
22.2487
22.0734
21.9205
21.7868
21.6698
21.5673
21.4772
21.3978
21.3276
21.2653
21.2098
21.1601
21.1153
21.0747
21.0377
21.0036
20.9721
20.9427
20.9149
20.8886
20.8633
20.8389
20.8151
20.7918
20.7688
20.7458
20.723
20.7
20.6769
20.6536
20.6299
20.606
20.5818
20.5572
20.5322
20.5069
20.4812
20.4552
20.4289
20.4024
20.3755
20.3485
20.3213
20.294
20.2666
20.2391
20.2117
20.1844
20.1572
20.1302
20.1035
20.0771
20.0511
20.0256
20.0006
19.9763
19.9528
19.9301
19.9084
19.8877
19.8683
19.8501
19.8334
19.8183
19.8049
19.7934
19.784
19.7768
19.7722
19.7702
19.7712
19.7754
19.7831
19.7946
19.8101
19.8302
19.8551
19.8852
19.921
19.9629
20.0116
20.0676
20.1315
20.2043
20.2868
20.3804
20.4863
20.6066
20.7434
20.8998
21.0793
21.2863
21.5255
21.8018
0.555172
1.10505
1.45106
1.66001
1.80367
1.92518
2.04894
2.18851
2.35119
2.54058
2.75804
3.00362
3.27663
3.57596
3.90039
4.24863
4.61947
5.01178
5.42446
5.85652
6.30694
6.77469
7.2587
7.75779
8.27065
8.79582
9.33169
9.87647
10.4282
10.9849
11.5442
12.104
12.6619
13.2158
13.7633
14.3026
14.8317
15.349
15.8533
16.3437
16.82
17.2822
17.7315
18.1696
18.5993
19.0245
19.4498
19.881
20.3307
20.8293
21.365
21.9575
22.6242
23.3846
24.2598
25.2701
26.4314
27.7507
29.2209
30.8156
32.4855
34.1575
35.7382
37.1208
38.1961
38.8675
39.0736
38.8113
38.1435
37.1792
36.039
34.8272
33.6202
32.467
31.3951
30.4171
29.5361
28.7494
28.051
27.4335
26.8887
26.4087
25.9859
25.6132
25.2843
24.9935
24.7358
24.5068
24.3026
24.1199
23.9559
23.808
23.6741
23.5523
23.4409
23.3387
23.2442
23.1565
23.0746
22.9978
22.9253
22.8566
22.791
22.7282
22.6677
22.6092
22.5523
22.4968
22.4424
22.3889
22.3362
22.2841
22.2324
22.1811
22.13
22.0792
22.0284
21.9778
21.9272
21.8766
21.826
21.7754
21.7249
21.6743
21.6239
21.5735
21.5232
21.4731
21.4231
21.3734
21.3239
21.2747
21.2259
21.1775
21.1296
21.0821
21.0353
20.989
20.9435
20.8987
20.8547
20.8117
20.7697
20.7287
20.689
20.6505
20.6134
20.5778
20.5437
20.5114
20.4809
20.4524
20.426
20.4019
20.3803
20.3614
20.3453
20.3324
20.3228
20.3169
20.3149
20.3172
20.3242
20.3362
20.3538
20.3773
20.4074
20.4448
20.4902
20.5444
20.6086
20.684
20.7722
20.8752
20.9953
21.1354
21.299
21.4904
21.714
21.9733
0.380562
0.831235
1.12218
1.30456
1.4428
1.57541
1.72308
1.89637
2.1002
2.33636
2.60488
2.90482
3.23481
3.59334
3.97892
4.39022
4.82606
5.28544
5.76749
6.27147
6.79666
7.34234
7.90775
8.49204
9.09418
9.71301
10.3471
10.995
11.6547
12.3244
13.0019
13.6848
14.3708
15.0574
15.7423
16.423
17.0972
17.7629
18.4182
19.0618
19.6928
20.311
20.9172
21.513
22.1016
22.6876
23.2766
23.8777
24.5147
25.2066
25.9484
26.7614
27.6652
28.6802
29.8266
31.1211
32.5723
34.176
35.9089
37.7248
39.5526
41.299
42.8553
44.1085
44.9538
45.3087
45.1338
44.4539
43.3628
41.9977
40.4984
38.977
37.5089
36.1372
34.8823
33.7496
32.7364
31.8349
31.0357
30.3281
29.7021
29.1478
28.6564
28.2198
27.831
27.4836
27.1721
26.8919
26.6387
26.4089
26.1995
26.0078
25.8315
25.6687
25.5175
25.3765
25.2444
25.12
25.0023
24.8906
24.7839
24.6818
24.5835
24.4886
24.3967
24.3073
24.2201
24.1347
24.0511
23.9688
23.8877
23.8077
23.7285
23.6501
23.5724
23.4952
23.4186
23.3424
23.2666
23.1912
23.1162
23.0415
22.9672
22.8933
22.8198
22.7467
22.674
22.6018
22.5302
22.459
22.3885
22.3186
22.2494
22.1809
22.1131
22.0462
21.9802
21.9151
21.8509
21.7878
21.7259
21.6651
21.6056
21.5474
21.4906
21.4353
21.3816
21.3296
21.2793
21.2308
21.1843
21.1399
21.0977
21.0578
21.0205
20.9858
20.954
20.9253
20.8998
20.8779
20.8598
20.8459
20.8365
20.832
20.8328
20.8394
20.8525
20.8728
20.9009
20.938
20.985
21.0434
21.1149
21.2014
21.3053
21.4296
21.5776
21.7534
21.9613
22.2039
0.273222
0.628215
0.846997
0.986407
1.1073
1.24295
1.40925
1.61282
1.85557
2.13708
2.45572
2.80935
3.19579
3.61296
4.05909
4.53271
5.03266
5.55807
6.10828
6.68277
7.28115
7.90302
8.54795
9.21544
9.90479
10.6152
11.3455
12.0944
12.8603
13.6414
14.4357
15.2409
16.0547
16.8744
17.6976
18.5216
19.3438
20.1615
20.9726
21.7752
22.5679
23.3504
24.1233
24.8887
25.6506
26.4147
27.1892
27.9914
28.8583
29.7727
30.7573
31.8318
33.0165
34.3312
35.7924
37.4094
39.1792
41.0805
43.0692
45.0754
47.0049
48.7459
50.1797
51.1945
51.6988
51.6343
50.9931
49.8347
48.2871
46.5133
44.666
42.8578
41.1564
39.5948
38.1835
36.9198
35.7945
34.7955
33.9095
33.1236
32.4259
31.8051
31.2515
30.7564
30.3119
29.9116
29.5495
29.2207
28.9208
28.646
28.3932
28.1596
27.9427
27.7405
27.5511
27.373
27.2048
27.0453
26.8935
26.7484
26.6092
26.4753
26.3459
26.2206
26.0988
25.9802
25.8643
25.7508
25.6395
25.53
25.4222
25.3158
25.2107
25.1068
25.0039
24.902
24.8009
24.7007
24.6011
24.5023
24.4042
24.3068
24.2101
24.1141
24.0188
23.9243
23.8305
23.7374
23.6452
23.5539
23.4634
23.3739
23.2854
23.1979
23.1114
23.0261
22.9419
22.8589
22.7772
22.6968
22.6178
22.5402
22.4642
22.3897
22.3169
22.2458
22.1764
22.1089
22.0433
21.9797
21.9183
21.859
21.802
21.7475
21.6955
21.6462
21.5998
21.5565
21.5164
21.4798
21.4469
21.4181
21.3936
21.3739
21.3594
21.3507
21.3482
21.3528
21.3652
21.3865
21.4177
21.4605
21.5164
21.5874
21.6762
21.7855
21.9186
22.0795
22.2723
22.4988
0.223267
0.485678
0.620081
0.705696
0.801541
0.935673
1.11861
1.35233
1.63527
1.96439
2.33611
2.74682
3.19326
3.67265
4.18275
4.72186
5.28874
5.88255
6.50278
7.14916
7.82154
8.51986
9.24404
9.99391
10.7692
11.5693
12.3937
13.2412
14.1107
15.0007
15.9092
16.8343
17.7737
18.725
19.6856
20.6527
21.6235
22.595
23.5647
24.5302
25.4901
26.444
27.3931
28.3405
29.2915
30.2547
31.2453
32.3001
33.415
34.5976
35.8701
37.2531
38.7661
40.4252
42.2391
44.2047
46.3014
48.4856
50.6881
52.8141
54.7488
56.3677
57.551
58.1993
58.2456
57.6658
56.4912
54.8208
52.8147
50.6547
48.4961
46.4426
44.5483
42.8329
41.296
39.927
38.7107
37.631
36.6719
35.8188
35.0582
34.3782
33.7683
33.2194
32.7235
32.2737
31.8639
31.4892
31.1449
30.8274
30.5332
30.2595
30.0039
29.7641
29.5384
29.325
29.1226
28.9298
28.7456
28.569
28.3991
28.2352
28.0765
27.9226
27.7729
27.6269
27.4842
27.3444
27.2073
27.0724
26.9397
26.8088
26.6796
26.5519
26.4256
26.3006
26.1768
26.0542
25.9325
25.812
25.6924
25.5737
25.4561
25.3395
25.2238
25.1092
24.9956
24.8831
24.7716
24.6613
24.5522
24.4442
24.3375
24.2321
24.128
24.0253
23.9241
23.8242
23.726
23.6293
23.5342
23.4408
23.3492
23.2594
23.1714
23.0854
23.0013
22.9192
22.8393
22.7615
22.686
22.6128
22.542
22.4737
22.4081
22.3452
22.2852
22.2283
22.1746
22.1244
22.0779
22.0354
21.9971
21.9635
21.935
21.9122
21.8955
21.8858
21.8838
21.8907
21.9076
21.936
21.9776
22.0345
22.1093
22.2046
22.324
22.4709
22.6495
22.8613
0.251519
0.395248
0.443074
0.472048
0.54216
0.678409
0.885273
1.15907
1.49401
1.88388
2.32252
2.8043
3.32444
3.87906
4.46519
5.08065
5.72398
6.3943
7.09118
7.81456
8.56457
9.34151
10.1457
10.9774
11.8368
12.7239
13.6384
14.58
15.5479
16.541
17.5579
18.597
19.6564
20.7339
21.8272
22.9335
24.05
25.1737
26.3015
27.4311
28.5613
29.6923
30.8266
31.9693
33.1294
34.3221
35.5821
36.9175
38.3218
39.8172
41.4243
43.1619
45.0449
47.081
49.2655
51.5767
53.9706
56.3777
58.7023
60.828
62.6261
63.9707
64.7541
64.9021
64.3836
63.217
61.477
59.3009
56.873
54.3814
51.9712
49.7284
47.6896
45.8603
44.2297
42.7804
41.4929
40.3481
39.3282
38.4175
37.6018
36.8687
36.2076
35.6092
35.0653
34.569
34.1143
33.696
33.3096
32.9513
32.6177
32.3059
32.0134
31.738
31.4778
31.231
30.9961
30.772
30.5573
30.3511
30.1524
29.9605
29.7747
29.5942
29.4185
29.2472
29.0796
28.9156
28.7546
28.5964
28.4407
28.2873
28.136
27.9865
27.8387
27.6926
27.5479
27.4046
27.2627
27.1221
26.9827
26.8446
26.7077
26.572
26.4376
26.3044
26.1725
26.0418
25.9125
25.7846
25.658
25.5329
25.4093
25.2872
25.1666
25.0477
24.9304
24.8148
24.701
24.5889
24.4788
24.3705
24.2642
24.16
24.0577
23.9576
23.8596
23.7639
23.6704
23.5792
23.4904
23.4041
23.3203
23.2391
23.1607
23.0851
23.0124
22.9428
22.8765
22.8137
22.7545
22.6992
22.6482
22.6019
22.5605
22.5247
22.495
22.4722
22.4572
22.4509
22.4547
22.47
22.4986
22.5426
22.6046
22.6873
22.794
22.9282
23.0939
23.2927
0.401199
0.365093
0.305192
0.288075
0.365323
0.549343
0.83256
1.20104
1.64219
2.14469
2.69824
3.29408
3.92526
4.58659
5.27437
5.9862
6.72075
7.47748
8.25652
9.05843
9.88407
10.7345
11.6108
12.5141
13.4453
14.4055
15.3952
16.4148
17.4643
18.5436
19.6519
20.7883
21.9514
23.1398
24.3514
25.5841
26.835
28.1011
29.3794
30.6679
31.9663
33.2767
34.6044
35.9588
37.3572
38.8358
40.4021
42.0434
43.7793
45.6287
47.609
49.7333
52.0065
54.4216
56.9543
59.5588
62.1641
64.6738
66.9702
68.9234
70.4041
71.3
71.531
71.0613
69.904
68.1233
65.8357
63.2079
60.4342
57.6923
55.1053
52.7361
50.6028
48.6981
47.0034
45.4962
44.1545
42.9576
41.887
40.9265
40.0618
39.2807
38.5725
37.9278
37.3388
36.7986
36.3012
35.8414
35.4149
35.0177
34.6466
34.2985
33.9709
33.6616
33.3687
33.0903
32.825
32.5713
32.3281
32.0943
31.8689
31.651
31.4399
31.2349
31.0354
30.8408
30.6506
30.4644
30.2818
30.1023
29.9259
29.752
29.5806
29.4114
29.2442
29.0789
28.9154
28.7535
28.5932
28.4344
28.2771
28.1213
27.9669
27.8139
27.6624
27.5122
27.3636
27.2164
27.0707
26.9265
26.784
26.643
26.5038
26.3662
26.2303
26.0963
25.9641
25.8338
25.7054
25.5791
25.4547
25.3325
25.2124
25.0946
24.9789
24.8655
24.7544
24.6457
24.5394
24.4356
24.3343
24.2356
24.1395
24.0461
23.9556
23.868
23.7833
23.7019
23.6237
23.549
23.4779
23.4108
23.348
23.2897
23.2364
23.1886
23.147
23.1121
23.0851
23.0667
23.0585
23.0618
23.0786
23.1108
23.1611
23.2323
23.3275
23.4503
23.6044
23.7922
0.547762
0.19764
0.187389
0.39319
0.765087
1.2705
1.87308
2.54108
3.25417
3.99708
4.75803
5.52898
6.30535
7.08511
7.86811
8.65541
9.44894
10.2511
11.0647
11.8926
12.7377
13.603
14.4913
15.4055
16.3481
17.3214
18.3276
19.3683
20.4446
21.5575
22.7071
23.8933
25.1157
26.3733
27.6649
28.9888
30.3425
31.723
33.1276
34.5556
36.009
37.4941
39.0226
40.6125
42.3088
44.1006
45.9774
47.9547
50.0487
52.2737
54.6393
57.147
59.7859
62.528
65.3241
68.1009
70.7609
73.1863
75.2474
76.8157
77.779
78.0561
77.6088
76.448
74.6341
72.2732
69.513
66.5334
63.5195
60.6232
57.9383
55.5036
53.3213
51.3748
49.6405
48.0936
46.7111
45.4722
44.3584
43.354
42.445
41.6195
40.8671
40.1789
39.547
38.9648
38.4265
37.927
37.4619
37.0275
36.6203
36.2375
35.8766
35.5351
35.2111
34.9029
34.6089
34.3276
34.0577
33.7982
33.548
33.3062
33.072
32.8445
32.6233
32.4075
32.1968
31.9906
31.7885
31.59
31.3949
31.2029
31.0136
30.8268
30.6424
30.4601
30.2798
30.1014
29.9248
29.7499
29.5767
29.4051
29.235
29.0666
28.8997
28.7344
28.5707
28.4085
28.2481
28.0893
27.9322
27.7768
27.6232
27.4715
27.3216
27.1736
27.0277
26.8837
26.7419
26.6022
26.4647
26.3294
26.1964
26.0657
25.9374
25.8115
25.6881
25.5672
25.4487
25.3329
25.2197
25.1093
25.0015
24.8966
24.7945
24.6955
24.5995
24.5067
24.4173
24.3314
24.2492
24.1709
24.0968
24.0274
23.9629
23.9039
23.8511
23.805
23.7667
23.7373
23.7179
23.7102
23.716
23.7374
23.777
23.8377
23.9225
24.0351
24.1786
24.3573
1.4287
2.20422
3.79843
5.30102
6.61232
7.76178
8.8619
9.88223
10.8213
11.6851
12.482
13.223
13.9196
14.583
15.2234
15.8495
16.4692
17.0893
17.7161
18.3553
19.0127
19.6936
20.4031
21.146
21.9268
22.7495
23.6176
24.534
25.5009
26.52
27.5922
28.7181
29.8977
31.1306
32.4161
33.7528
35.1383
36.5696
38.0451
39.5673
41.1437
42.7911
44.5356
46.4149
48.3922
50.4691
52.6567
54.9663
57.4075
59.9849
62.6949
65.5212
68.431
71.3708
74.2643
77.0129
79.4994
81.5968
83.1807
84.1435
84.4087
83.9408
82.7515
80.8991
78.4843
75.6426
72.5347
69.3328
66.1951
63.2387
60.5269
58.0782
55.8835
53.9212
52.1658
50.5925
49.1789
47.9049
46.7533
45.709
44.7587
43.8913
43.0968
42.3666
41.6934
41.0706
40.4927
39.9548
39.4525
38.9821
38.5403
38.1242
37.7312
37.359
37.0056
36.6692
36.348
36.0407
35.746
35.4626
35.1894
34.9255
34.6701
34.4222
34.1813
33.9465
33.7174
33.4934
33.2739
33.0587
32.8472
32.6391
32.4342
32.2321
32.0326
31.8356
31.6408
31.448
31.2573
31.0684
30.8813
30.696
30.5124
30.3304
30.1501
29.9715
29.7945
29.6192
29.4456
29.2738
29.1037
28.9354
28.769
28.6045
28.4419
28.2813
28.1228
27.9664
27.8121
27.6601
27.5104
27.363
27.218
27.0753
26.9352
26.7975
26.6624
26.5299
26.4
26.2728
26.1483
26.0266
25.9077
25.7918
25.6787
25.5688
25.4619
25.3583
25.2581
25.1615
25.0686
24.9796
24.8949
24.8148
24.7397
24.6701
24.6066
24.55
24.5011
24.4611
24.4313
24.4132
24.4087
24.42
24.4497
24.5006
24.5758
24.6791
24.8131
24.9843
51.8475
48.9214
46.1558
43.4724
41.0096
38.8852
36.9813
35.3411
33.9759
32.874
32.0078
31.3424
30.8421
30.4747
30.2139
30.0391
29.9364
29.8965
29.9146
29.9887
30.1189
30.3067
30.5544
30.8648
31.2406
31.6848
32.2003
32.7895
33.4548
34.1979
35.0204
35.923
36.9062
37.9703
39.1149
40.3392
41.6409
43.0178
44.4715
46.0153
47.6668
49.4799
51.4409
53.5145
55.7102
58.0336
60.4902
63.0831
65.8104
68.6616
71.6137
74.6274
77.644
80.5831
83.3446
85.8126
87.8647
89.3834
90.2705
90.4585
89.9205
88.6727
86.774
84.3202
81.4368
78.2678
74.9653
71.6749
68.5183
65.5777
62.8914
60.4644
58.2816
56.3201
54.5553
52.9638
51.5251
50.2207
49.0348
47.9534
46.9644
46.0572
45.2225
44.4523
43.7395
43.078
42.4623
41.8877
41.35
40.8455
40.3709
39.9234
39.5003
39.0993
38.7184
38.3557
38.0095
37.6784
37.3609
37.0558
36.762
36.4784
36.2041
35.9382
35.68
35.4287
35.1837
34.9444
34.7103
34.4808
34.2556
34.0342
33.8163
33.6016
33.3898
33.1807
32.9741
32.7697
32.5674
32.3671
32.1688
31.9724
31.7777
31.5847
31.3934
31.2038
31.0159
30.8297
30.6452
30.4624
30.2814
30.1023
29.9249
29.7494
29.5759
29.4044
29.2349
29.0676
28.9025
28.7396
28.579
28.4208
28.265
28.1116
27.9607
27.8123
27.6665
27.5234
27.3829
27.2452
27.1102
26.9781
26.8488
26.7225
26.5992
26.479
26.3619
26.2481
26.1378
26.031
25.928
25.829
25.7342
25.644
25.5589
25.4792
25.4057
25.3391
25.2802
25.2302
25.1905
25.1626
25.1484
25.1502
25.1705
25.2123
25.2788
25.3735
25.4989
25.6641
81.6071
80.4912
79.2518
77.7829
76.0794
74.1878
72.1334
69.9428
67.6538
65.3168
62.9871
60.718
58.5556
56.5355
54.6822
53.0092
51.5208
50.2139
49.0808
48.1115
47.2945
46.6194
46.0765
45.6583
45.3589
45.1744
45.1026
45.1423
45.2937
45.5571
45.9336
46.4239
47.0288
47.7492
48.5856
49.5384
50.6059
51.7899
53.1047
54.6039
56.31
58.17
60.18
62.3394
64.6482
67.1048
69.7041
72.4358
75.2811
78.2093
81.175
84.115
86.9479
89.5759
91.8896
93.7764
95.1315
95.8697
95.9353
95.3092
94.0105
92.0954
89.651
86.7894
83.6381
80.3304
76.9939
73.7402
70.6548
67.791
65.1702
62.7901
60.6349
58.6836
56.9146
55.3078
53.8451
52.5104
51.2897
50.1704
49.1417
48.1938
47.3181
46.5072
45.7543
45.0535
44.3997
43.7882
43.215
42.6763
42.1691
41.6903
41.2374
40.8081
40.4002
40.012
39.6415
39.2873
38.948
38.6223
38.3089
38.0068
37.7149
37.4324
37.1584
36.8922
36.633
36.3801
36.1331
35.8912
35.6542
35.4214
35.1926
34.9672
34.7452
34.526
34.3096
34.0956
33.8839
33.6744
33.4669
33.2613
33.0575
32.8555
32.6551
32.4564
32.2594
32.0641
31.8704
31.6783
31.488
31.2994
31.1125
30.9275
30.7443
30.5631
30.3839
30.2067
30.0317
29.8589
29.6883
29.52
29.3541
29.1905
29.0295
28.8709
28.715
28.5616
28.411
28.263
28.1178
27.9755
27.8361
27.6995
27.5661
27.4357
27.3085
27.1846
27.0641
26.9472
26.8341
26.725
26.6201
26.5199
26.4247
26.335
26.2514
26.1747
26.1059
26.0459
25.9963
25.9585
25.9346
25.9268
25.9377
25.9704
26.028
26.1144
26.2313
26.3913
95.1723
94.714
94.2744
93.8184
93.3199
92.7717
92.1572
91.4503
90.6252
89.6621
88.5486
87.2805
85.8626
84.3089
82.6414
80.8884
79.0824
77.2576
75.448
73.6854
71.9979
70.4094
68.939
67.601
66.4058
65.3601
64.4676
63.7304
63.1488
62.7227
62.4513
62.3342
62.3709
62.562
62.909
63.4137
64.077
64.9215
66.0403
67.3741
68.8943
70.6005
72.4887
74.5522
76.7813
79.1616
81.6724
84.2846
86.9583
89.6404
92.2634
94.7458
96.9949
98.9114
100.398
101.368
101.754
101.518
100.651
99.1786
97.155
94.6594
91.7894
88.6546
85.3694
82.0439
78.7758
75.6417
72.694
69.96
67.4463
65.1453
63.042
61.1187
59.3583
57.7448
56.2636
54.9018
53.6477
52.4908
51.4215
50.4314
49.5128
48.6587
47.863
47.1203
46.4255
45.7743
45.1628
44.5873
44.0447
43.5321
43.047
42.587
42.1499
41.734
41.3374
40.9584
40.5957
40.2478
39.9136
39.5918
39.2815
38.9816
38.6911
38.4094
38.1356
37.869
37.6089
37.3547
37.106
36.8621
36.6226
36.3872
36.1553
35.9268
35.7012
35.4783
35.258
35.04
34.8241
34.6102
34.3982
34.1879
33.9794
33.7724
33.5671
33.3634
33.1612
32.9606
32.7615
32.5641
32.3683
32.1742
31.9818
31.7913
31.6026
31.4158
31.2311
31.0484
30.8679
30.6895
30.5134
30.3396
30.1682
29.9993
29.8328
29.6689
29.5076
29.3491
29.1932
29.0402
28.89
28.7427
28.5985
28.4573
28.3193
28.1846
28.0534
27.9257
27.8018
27.6819
27.5663
27.4552
27.3492
27.2488
27.1544
27.067
26.9874
26.9167
26.8564
26.808
26.7736
26.7554
26.7561
26.7789
26.8269
26.9043
27.0123
27.167
98.9924
98.8071
98.6588
98.5337
98.4246
98.3376
98.2766
98.2361
98.2055
98.1715
98.1191
98.0326
97.896
97.6942
97.4135
97.0428
96.5742
96.0033
95.3301
94.5589
93.6984
92.7613
91.7638
90.7249
89.6655
88.6078
87.5744
86.5873
85.6677
84.8351
84.1075
83.5008
83.0295
82.7069
82.5459
82.556
82.756
83.2504
83.947
84.8541
85.9674
87.2791
88.7772
90.4452
92.2607
94.1949
96.2104
98.2606
100.289
102.227
104.001
105.529
106.729
107.525
107.854
107.673
106.958
105.714
103.968
101.77
99.1853
96.2933
93.1807
89.9374
86.6534
83.4121
80.2839
77.3197
74.5481
71.9779
69.6037
67.4127
65.3896
63.5195
61.7891
60.1864
58.7011
57.3235
56.0448
54.8567
53.7518
52.7229
51.7636
50.8678
50.0301
49.2455
48.5094
47.8178
47.1669
46.5533
45.974
45.4262
44.9073
44.415
43.9473
43.5021
43.0778
42.6726
42.2851
41.9139
41.5577
41.2153
40.8855
40.5673
40.2598
39.9621
39.6733
39.3926
39.1193
38.8528
38.5925
38.3377
38.088
37.8428
37.6017
37.3644
37.1305
36.8996
36.6714
36.4459
36.2226
36.0015
35.7823
35.5648
35.3491
35.1351
34.9225
34.7115
34.5019
34.2937
34.087
33.8817
33.6779
33.4755
33.2748
33.0756
32.8782
32.6825
32.4886
32.2966
32.1066
31.9185
31.7325
31.5487
31.3672
31.1879
31.011
30.8366
30.6647
30.4953
30.3286
30.1646
30.0035
29.8452
29.6898
29.5375
29.3883
29.2424
29.0999
28.9609
28.8257
28.6944
28.5675
28.4451
28.3277
28.2158
28.11
28.0111
27.9201
27.8379
27.7662
27.7064
27.6605
27.6311
27.6208
27.6327
27.6703
27.7379
27.8362
27.9854
100.082
99.983
99.9185
99.8868
99.8894
99.9328
100.022
100.156
100.332
100.543
100.784
101.048
101.328
101.618
101.91
102.197
102.472
102.729
102.962
103.163
103.329
103.456
103.539
103.579
103.576
103.533
103.454
103.346
103.218
103.08
102.947
102.831
102.748
102.717
102.753
102.875
103.14
103.477
103.904
104.434
105.073
105.823
106.678
107.624
108.64
109.694
110.747
111.752
112.656
113.401
113.927
114.177
114.101
113.659
112.826
111.591
109.962
107.959
105.619
102.989
100.124
97.0837
93.9334
90.7395
87.5689
84.4842
81.5374
78.7641
76.1804
73.7851
71.5657
69.5049
67.5856
65.7936
64.1175
62.5484
61.0791
59.7032
58.4147
57.208
56.0777
55.0184
54.0251
53.0929
52.2173
51.394
50.6189
49.8885
49.1993
48.5481
47.9323
47.349
46.7958
46.2707
45.7714
45.2962
44.8432
44.4108
43.9975
43.6019
43.2227
42.8586
42.5085
42.1713
41.8461
41.5317
41.2274
40.9323
40.6457
40.3667
40.0948
39.8292
39.5694
39.3149
39.0651
38.8196
38.578
38.3398
38.1048
37.8727
37.6431
37.4158
37.1906
36.9673
36.7457
36.5258
36.3074
36.0904
35.8747
35.6604
35.4473
35.2354
35.0249
34.8156
34.6077
34.4011
34.196
33.9924
33.7904
33.59
33.3913
33.1944
32.9993
32.8061
32.615
32.4259
32.2391
32.0545
31.8722
31.6924
31.515
31.3402
31.1681
30.9988
30.8323
30.6687
30.5082
30.3509
30.1969
30.0463
29.8995
29.7566
29.6178
29.4836
29.3544
29.2306
29.1128
29.0019
28.8988
28.8045
28.7205
28.6485
28.5904
28.5488
28.5264
28.5265
28.5527
28.6095
28.6973
28.8402
100.52
100.473
100.456
100.47
100.519
100.606
100.736
100.909
101.125
101.382
101.677
102.008
102.37
102.761
103.178
103.616
104.073
104.546
105.032
105.529
106.034
106.545
107.06
107.578
108.096
108.615
109.134
109.653
110.173
110.696
111.225
111.762
112.313
112.882
113.472
114.098
114.725
115.339
115.939
116.523
117.086
117.625
118.132
118.596
119.003
119.335
119.57
119.679
119.634
119.405
118.96
118.275
117.326
116.099
114.588
112.795
110.731
108.416
105.877
103.15
100.273
97.2919
94.2556
91.2158
88.2256
85.3347
82.5845
80.0025
77.5998
75.3721
73.3045
71.3779
69.5735
67.876
66.2741
64.7599
63.3278
61.9736
60.6937
59.4849
58.3436
57.2664
56.2497
55.2902
54.3842
53.5283
52.7194
51.9542
51.2299
50.5438
49.8932
49.2757
48.6893
48.1317
47.6011
47.0956
46.6136
46.1535
45.7138
45.2931
44.8901
44.5037
44.1325
43.7755
43.4317
43.1001
42.7798
42.4698
42.1693
41.8776
41.5939
41.3175
41.0477
40.7841
40.5259
40.2726
40.0238
39.7791
39.538
39.3002
39.0653
38.833
38.603
38.3751
38.149
37.9247
37.7019
37.4804
37.2603
37.0413
36.8234
36.6067
36.391
36.1763
35.9628
35.7504
35.5392
35.3291
35.1204
34.913
34.7069
34.5024
34.2994
34.098
33.8983
33.7005
33.5045
33.3106
33.1188
32.9291
32.7417
32.5567
32.3741
32.1941
32.0168
31.8423
31.6706
31.502
31.3366
31.1745
31.016
30.8613
30.7107
30.5645
30.4231
30.2871
30.157
30.0336
29.9178
29.8108
29.7139
29.6289
29.5577
29.503
29.4675
29.4547
29.4683
29.5132
29.5896
29.7253
100.759
100.748
100.762
100.804
100.876
100.984
101.129
101.314
101.539
101.803
102.104
102.441
102.811
103.212
103.643
104.101
104.584
105.09
105.618
106.167
106.734
107.319
107.92
108.536
109.167
109.811
110.467
111.134
111.811
112.498
113.193
113.895
114.602
115.312
116.023
116.722
117.404
118.063
118.692
119.282
119.823
120.304
120.712
121.033
121.253
121.356
121.323
121.137
120.78
120.233
119.481
118.511
117.311
115.878
114.21
112.313
110.2
107.889
105.401
102.768
100.022
97.2021
94.3498
91.5092
88.7248
86.0379
83.4828
81.0822
78.8453
76.7682
74.8375
73.0348
71.3415
69.7415
68.2225
66.7763
65.3975
64.0824
62.8288
61.6348
60.4986
59.4181
58.3914
57.4162
56.4901
55.6106
54.7754
53.9819
53.228
52.5113
51.8297
51.181
50.5635
49.9752
49.4145
48.8796
48.3691
47.8815
47.4153
46.9693
46.5422
46.1328
45.7399
45.3625
44.9995
44.6499
44.3128
43.9873
43.6724
43.3674
43.0715
42.784
42.5041
42.2312
41.9646
41.7038
41.4482
41.1974
40.9508
40.708
40.4686
40.2322
39.9985
39.7672
39.538
39.3106
39.0849
38.8606
38.6376
38.4157
38.1949
37.975
37.756
37.5379
37.3206
37.1043
36.8888
36.6742
36.4605
36.2479
36.0363
35.8258
35.6165
35.4085
35.2018
34.9966
34.793
34.5911
34.3909
34.1925
33.9962
33.8019
33.6098
33.42
33.2327
33.0478
32.8657
32.6863
32.51
32.3368
32.1669
32.0007
31.8383
31.6802
31.5267
31.3784
31.2358
31.0996
30.9709
30.8507
30.7404
30.6417
30.5567
30.4879
30.4383
30.4114
30.4113
30.4431
30.5069
30.6342
100.907
100.92
100.954
101.013
101.1
101.219
101.371
101.559
101.783
102.042
102.337
102.665
103.025
103.417
103.837
104.284
104.758
105.256
105.777
106.32
106.883
107.466
108.066
108.684
109.318
109.966
110.627
111.299
111.981
112.672
113.367
114.066
114.763
115.455
116.136
116.801
117.444
118.06
118.639
119.174
119.654
120.067
120.402
120.643
120.777
120.789
120.664
120.386
119.941
119.315
118.495
117.473
116.242
114.801
113.152
111.302
109.263
107.053
104.693
102.21
99.6357
97.0029
94.3488
91.7115
89.1287
86.635
84.2589
82.0195
79.9251
77.9733
76.1537
74.4509
72.8483
71.3307
69.8859
68.5048
67.1816
65.9123
64.6947
63.5274
62.409
61.3386
60.315
59.3369
58.4027
57.5109
56.6599
55.8477
55.0729
54.3335
53.6279
52.9544
52.3114
51.6975
51.1111
50.5508
50.0152
49.5031
49.0131
48.5441
48.0949
47.6643
47.2513
46.8548
46.4739
46.1075
45.7547
45.4146
45.0863
44.769
44.462
44.1643
43.8753
43.5943
43.3206
43.0536
42.7927
42.5373
42.2869
42.041
41.7991
41.5608
41.3257
41.0934
40.8635
40.6359
40.4101
40.1859
39.9632
39.7416
39.5211
39.3015
39.0827
38.8647
38.6473
38.4306
38.2146
37.9991
37.7843
37.5702
37.3567
37.144
36.932
36.721
36.5109
36.3019
36.094
35.8874
35.6821
35.4783
35.2761
35.0755
34.8768
34.68
34.4852
34.2927
34.1024
33.9147
33.7296
33.5473
33.3681
33.1922
33.0199
32.8514
32.6873
32.528
32.374
32.2262
32.0854
31.9526
31.8294
31.7173
31.6184
31.5354
31.4712
31.4297
31.415
31.4328
31.4833
31.6014
101.017
101.048
101.097
101.169
101.267
101.393
101.549
101.738
101.959
102.212
102.498
102.816
103.164
103.542
103.947
104.379
104.836
105.317
105.821
106.346
106.891
107.456
108.039
108.638
109.253
109.881
110.522
111.173
111.833
112.498
113.166
113.834
114.498
115.153
115.794
116.417
117.014
117.581
118.109
118.59
119.013
119.369
119.644
119.827
119.904
119.862
119.688
119.367
118.887
118.237
117.407
116.39
115.182
113.782
112.193
110.423
108.485
106.393
104.169
101.838
99.4256
96.9638
94.4846
92.0212
89.6063
87.2696
85.0356
82.9213
80.935
79.0766
77.3386
75.7092
74.1743
72.7203
71.3352
70.0099
68.7373
67.5129
66.3337
65.1979
64.1042
63.0519
62.0401
61.0681
60.135
59.2398
58.3815
57.5588
56.7705
56.0155
55.2923
54.5999
53.9369
53.302
52.6942
52.1123
51.555
51.0212
50.51
50.0201
49.5506
49.1005
48.6687
48.2543
47.8564
47.4739
47.1061
46.752
46.4109
46.0818
45.764
45.4566
45.159
44.8704
44.5901
44.3175
44.052
43.7929
43.5396
43.2916
43.0484
42.8095
42.5744
42.3427
42.1139
41.8878
41.664
41.4421
41.2218
41.0029
40.7852
40.5685
40.3526
40.1375
39.9229
39.7088
39.4952
39.282
39.0691
38.8566
38.6444
38.4326
38.2212
38.0103
37.7999
37.5901
37.381
37.1727
36.9652
36.7588
36.5535
36.3495
36.1467
35.9455
35.7458
35.5479
35.3519
35.158
34.9663
34.777
34.5903
34.4065
34.2258
34.0487
33.8753
33.7064
33.5423
33.3838
33.2317
33.0871
32.9514
32.8262
32.7135
32.6159
32.5367
32.4797
32.4495
32.4521
32.4883
32.5963
101.122
101.17
101.233
101.317
101.424
101.556
101.715
101.902
102.119
102.365
102.641
102.945
103.278
103.638
104.024
104.435
104.871
105.329
105.808
106.309
106.828
107.366
107.921
108.491
109.076
109.673
110.281
110.897
111.52
112.148
112.776
113.402
114.021
114.63
115.223
115.795
116.341
116.853
117.325
117.749
118.114
118.412
118.631
118.76
118.787
118.7
118.487
118.138
117.64
116.984
116.164
115.172
114.006
112.667
111.159
109.489
107.667
105.71
103.635
101.464
99.2213
96.934
94.6301
92.3382
90.0862
87.8996
85.7996
83.8016
81.9141
80.1389
78.4718
76.9045
75.4261
74.0252
72.6911
71.4148
70.189
69.0082
67.8687
66.7679
65.704
64.6761
63.6831
62.7247
61.8
60.9086
60.0498
59.2228
58.4269
57.6613
56.9251
56.2174
55.5375
54.8843
54.257
53.6548
53.0766
52.5217
51.9891
51.478
50.9876
50.5168
50.065
49.6311
49.2145
48.8141
48.4294
48.0593
47.7031
47.36
47.0292
46.7101
46.4017
46.1035
45.8146
45.5345
45.2625
44.9979
44.7402
44.4887
44.2428
44.0021
43.7659
43.534
43.3056
43.0805
42.8582
42.6382
42.4204
42.2042
41.9896
41.7761
41.5636
41.3519
41.1408
40.9302
40.72
40.5099
40.3001
40.0903
39.8806
39.6709
39.4613
39.2517
39.0423
38.833
38.624
38.4153
38.207
37.9992
37.792
37.5856
37.38
37.1753
36.9718
36.7696
36.5687
36.3694
36.1718
35.9762
35.7827
35.5916
35.4031
35.2176
35.0354
34.8569
34.6828
34.5136
34.3502
34.1935
34.0448
33.9058
33.7784
33.6652
33.5696
33.4955
33.4479
33.4334
33.4534
33.5489
101.228
101.292
101.368
101.462
101.576
101.713
101.874
102.06
102.271
102.509
102.773
103.062
103.378
103.718
104.082
104.469
104.879
105.31
105.761
106.231
106.719
107.223
107.743
108.277
108.824
109.381
109.948
110.521
111.1
111.68
112.26
112.835
113.402
113.956
114.493
115.008
115.495
115.947
116.358
116.72
117.025
117.263
117.425
117.5
117.479
117.351
117.106
116.733
116.224
115.572
114.77
113.813
112.701
111.433
110.015
108.453
106.758
104.941
103.02
101.014
98.9438
96.8319
94.7026
92.5802
90.4884
88.4486
86.4794
84.5944
82.8024
81.1065
79.5054
77.994
76.5648
75.209
73.918
72.6835
71.4986
70.3577
69.2563
68.1912
67.1599
66.1609
65.1928
64.2549
63.3464
62.4668
61.6156
60.7923
59.9965
59.2275
58.485
57.7683
57.0769
56.4102
55.7678
55.1488
54.5528
53.9791
53.4271
52.8961
52.3854
51.8944
51.4224
50.9687
50.5326
50.1134
49.7103
49.3227
48.9498
48.5908
48.2452
47.9122
47.5909
47.2809
46.9813
46.6915
46.4109
46.1389
45.8746
45.6177
45.3674
45.1232
44.8845
44.6508
44.4216
44.1963
43.9746
43.7559
43.5398
43.326
43.1141
42.9037
42.6947
42.4867
42.2795
42.0729
41.8666
41.6606
41.4547
41.2487
41.0426
40.8363
40.6297
40.4229
40.2159
40.0086
39.8012
39.5937
39.386
39.1785
38.971
38.7637
38.5568
38.3503
38.1444
37.9392
37.7348
37.5315
37.3294
37.1286
36.9295
36.7321
36.5368
36.3438
36.1536
35.9664
35.7828
35.6034
35.4289
35.2602
35.0985
34.9454
34.8029
34.6733
34.5601
34.4676
34.4008
34.3672
34.3692
34.4496
101.338
101.416
101.503
101.606
101.728
101.868
102.03
102.213
102.418
102.646
102.897
103.171
103.468
103.786
104.127
104.488
104.869
105.269
105.688
106.123
106.575
107.042
107.522
108.014
108.517
109.028
109.547
110.071
110.597
111.124
111.647
112.164
112.671
113.164
113.639
114.089
114.511
114.897
115.242
115.539
115.779
115.956
116.059
116.082
116.013
115.846
115.57
115.179
114.664
114.019
113.241
112.325
111.271
110.08
108.756
107.305
105.737
104.063
102.297
100.454
98.5537
96.6144
94.6564
92.7001
90.7651
88.8697
87.0294
85.2566
83.5596
81.9428
80.4068
78.9494
77.5658
76.2501
74.9959
73.7965
72.6461
71.5392
70.4715
69.4394
68.4399
67.4709
66.5305
65.6176
64.7311
63.8701
63.0341
62.2226
61.435
60.671
59.9302
59.2123
58.5168
57.8436
57.1923
56.5624
55.9537
55.3657
54.7981
54.2504
53.7222
53.2131
52.7226
52.25
51.795
51.357
50.9354
50.5296
50.1391
49.7631
49.4011
49.0525
48.7165
48.3927
48.0802
47.7786
47.4872
47.2053
46.9323
46.6676
46.4107
46.1608
45.9175
45.6801
45.4481
45.221
44.9982
44.7793
44.5638
44.3511
44.141
43.9331
43.727
43.5223
43.3188
43.1161
42.9141
42.7124
42.5109
42.3094
42.1077
41.9057
41.7034
41.5006
41.2973
41.0935
40.8891
40.6843
40.4791
40.2734
40.0674
39.8611
39.6546
39.4481
39.2416
39.0352
38.8292
38.6236
38.4186
38.2145
38.0112
37.8092
37.6085
37.4095
37.2125
37.0178
36.8258
36.6371
36.4523
36.2723
36.098
35.9311
35.7732
35.6268
35.4953
35.383
35.2956
35.2409
35.223
35.2855
101.453
101.543
101.64
101.751
101.878
102.021
102.182
102.361
102.559
102.777
103.014
103.271
103.548
103.844
104.159
104.492
104.843
105.21
105.593
105.991
106.403
106.827
107.263
107.709
108.163
108.624
109.09
109.558
110.027
110.494
110.955
111.409
111.85
112.276
112.682
113.063
113.414
113.731
114.006
114.234
114.409
114.522
114.567
114.536
114.422
114.216
113.913
113.505
112.987
112.354
111.603
110.73
109.736
108.623
107.394
106.054
104.612
103.077
101.462
99.7783
98.0424
96.27
94.4775
92.6817
90.8991
89.1445
87.4313
85.77
84.1687
82.6322
81.1626
79.7597
78.4213
77.1437
75.9227
74.7535
73.6316
72.5525
71.5124
70.5078
69.5357
68.5938
67.6798
66.7921
65.9293
65.0903
64.2741
63.48
62.7073
61.9554
61.224
60.5127
59.8212
59.1492
58.4966
57.8631
57.2484
56.6525
56.075
55.5158
54.9747
54.4515
53.9457
53.4571
52.9855
52.5303
52.0913
51.668
51.26
50.8667
50.4878
50.1226
49.7707
49.4315
49.1044
48.789
48.4845
48.1906
47.9064
47.6316
47.3654
47.1073
46.8568
46.6132
46.3761
46.1447
45.9186
45.6973
45.4802
45.2669
45.057
44.8499
44.6453
44.4427
44.2419
44.0425
43.844
43.6463
43.4491
43.252
43.055
42.8578
42.6602
42.4622
42.2636
42.0643
41.8643
41.6636
41.4622
41.26
41.0571
40.8535
40.6494
40.4447
40.2395
40.034
39.8283
39.6225
39.4167
39.211
39.0057
38.8008
38.5967
38.3935
38.1914
37.9908
37.792
37.5954
37.4016
37.2113
37.0254
36.8451
36.6722
36.509
36.3587
36.2258
36.1161
36.0385
35.9985
36.0397
101.573
101.673
101.778
101.894
102.024
102.168
102.326
102.5
102.69
102.897
103.119
103.359
103.615
103.887
104.175
104.479
104.797
105.129
105.475
105.833
106.202
106.582
106.97
107.366
107.768
108.174
108.583
108.992
109.399
109.802
110.198
110.584
110.956
111.311
111.645
111.954
112.232
112.477
112.681
112.84
112.948
112.998
112.985
112.903
112.744
112.504
112.175
111.754
111.236
110.616
109.893
109.065
108.132
107.095
105.958
104.726
103.406
102.005
100.533
99.0008
97.4215
95.8076
94.1727
92.5303
90.8937
89.2753
87.686
86.135
84.6296
83.1749
81.7739
80.4277
79.1359
77.8969
76.7082
75.5669
74.4698
73.4137
72.3955
71.4123
70.4617
69.5411
68.6486
67.7824
66.9408
66.1225
65.3262
64.5509
63.7958
63.06
62.3429
61.6439
60.9626
60.2987
59.6519
59.022
58.4087
57.8119
57.2314
56.6673
56.1193
55.5874
55.0715
54.5714
54.0869
53.618
53.1643
52.7256
52.3018
51.8923
51.497
51.1155
50.7473
50.392
50.0492
49.7185
49.3994
49.0913
48.7938
48.5064
48.2284
47.9595
47.699
47.4464
47.2011
46.9626
46.7304
46.5039
46.2825
46.0659
45.8535
45.6448
45.4395
45.237
45.037
44.839
44.6427
44.4477
44.2536
44.0602
43.8672
43.6743
43.4813
43.288
43.0943
42.9
42.705
42.5092
42.3125
42.115
41.9166
41.7172
41.5169
41.3158
41.1138
40.911
40.7075
40.5035
40.2988
40.0938
39.8885
39.683
39.4775
39.2721
39.067
38.8625
38.6587
38.456
38.2549
38.0558
37.8595
37.667
37.4798
37.3
37.1307
36.9764
36.8431
36.7404
36.6758
36.6916
101.696
101.802
101.912
102.031
102.162
102.305
102.46
102.627
102.807
103.001
103.208
103.429
103.663
103.91
104.17
104.443
104.728
105.024
105.33
105.647
105.971
106.304
106.643
106.987
107.334
107.683
108.033
108.38
108.723
109.06
109.389
109.705
110.006
110.289
110.551
110.787
110.993
111.166
111.3
111.392
111.435
111.425
111.357
111.226
111.027
110.754
110.404
109.973
109.456
108.852
108.158
107.374
106.5
105.537
104.489
103.359
102.153
100.877
99.5398
98.1497
96.7166
95.2509
93.7635
92.2651
90.7665
89.2776
87.8075
86.3641
84.9538
83.5816
82.2509
80.9638
79.7211
78.5226
77.3674
76.254
75.1805
74.145
73.1451
72.179
71.2445
70.3398
69.4631
68.6127
67.7871
66.985
66.2049
65.4458
64.7066
63.9863
63.2841
62.5992
61.9309
61.2788
60.6424
60.0212
59.4149
58.8233
58.2462
57.6835
57.1351
56.6008
56.0806
55.5746
55.0825
54.6044
54.1403
53.6899
53.2533
52.8302
52.4206
52.0241
51.6405
51.2695
50.911
50.5645
50.2297
49.9063
49.5938
49.2917
48.9998
48.7175
48.4443
48.1797
47.9233
47.6745
47.4328
47.1977
46.9688
46.7455
46.5274
46.3139
46.1047
45.8993
45.6972
45.4979
45.3012
45.1064
44.9134
44.7217
44.5309
44.3409
44.1512
43.9617
43.7721
43.5822
43.3919
43.201
43.0094
42.8169
42.6235
42.4291
42.2337
42.0373
41.8398
41.6413
41.4417
41.2411
41.0396
40.8371
40.6338
40.4297
40.2249
40.0195
39.8136
39.6072
39.4005
39.1938
38.9872
38.7811
38.5759
38.3725
38.1721
37.9763
37.7881
37.6117
37.4534
37.3231
37.2312
37.2161
101.816
101.927
102.04
102.159
102.289
102.428
102.577
102.736
102.905
103.085
103.275
103.476
103.687
103.909
104.14
104.382
104.632
104.891
105.157
105.431
105.711
105.995
106.283
106.574
106.866
107.158
107.447
107.732
108.012
108.283
108.543
108.791
109.022
109.235
109.425
109.591
109.727
109.831
109.899
109.927
109.91
109.844
109.726
109.551
109.316
109.016
108.648
108.21
107.698
107.111
106.447
105.706
104.888
103.995
103.029
101.994
100.893
99.733
98.519
97.2585
95.959
94.6289
93.2766
91.9108
90.5399
89.1718
87.8142
86.4735
85.1555
83.8647
82.6048
81.3783
80.1869
79.0314
77.9119
76.8281
75.7792
74.7642
73.7819
72.8309
71.91
71.0176
70.1526
69.3135
68.4991
67.7081
66.9394
66.1919
65.4645
64.7563
64.0661
63.3933
62.737
62.0965
61.4711
60.8603
60.2635
59.6804
59.1105
58.5536
58.0095
57.4779
56.9588
56.4521
55.9577
55.4756
55.0058
54.5483
54.103
53.6699
53.249
52.8402
52.4434
52.0584
51.6852
51.3235
50.9731
50.6339
50.3054
49.9875
49.6798
49.382
49.0937
48.8144
48.5438
48.2815
48.027
47.7798
47.5395
47.3058
47.0781
46.856
46.6391
46.4268
46.2188
46.0146
45.8138
45.6159
45.4206
45.2274
45.0361
44.8462
44.6574
44.4694
44.282
44.0949
43.9078
43.7206
43.533
43.345
43.1563
42.9668
42.7764
42.585
42.3926
42.1991
42.0044
41.8085
41.6114
41.413
41.2133
41.0124
40.8102
40.6067
40.4019
40.1957
39.9882
39.7794
39.5693
39.358
39.1458
38.933
38.7205
38.5096
38.3026
38.1035
37.9185
37.7579
37.6348
37.5817
101.932
102.045
102.157
102.275
102.401
102.535
102.675
102.824
102.981
103.145
103.317
103.498
103.686
103.881
104.084
104.294
104.51
104.731
104.958
105.189
105.424
105.661
105.899
106.137
106.375
106.61
106.84
107.065
107.282
107.489
107.685
107.866
108.031
108.177
108.301
108.4
108.472
108.513
108.52
108.49
108.419
108.305
108.143
107.931
107.666
107.344
106.963
106.521
106.016
105.447
104.812
104.112
103.346
102.517
101.626
100.675
99.6691
98.6112
97.5066
96.3607
95.1796
93.9696
92.7375
91.49
90.2338
88.9753
87.7206
86.4753
85.2443
84.0318
82.8412
81.6754
80.5365
79.4259
78.3445
77.2928
76.2709
75.2785
74.3151
73.3801
72.4728
71.5923
70.7377
69.908
69.1023
68.3196
67.559
66.8195
66.1001
65.4
64.7183
64.054
63.4064
62.7747
62.1582
61.5562
60.968
60.393
59.8308
59.2809
58.7429
58.2165
57.7014
57.1973
56.7042
56.2218
55.7502
55.2894
54.8392
54.3998
53.9711
53.553
53.1456
52.7488
52.3627
51.9871
51.622
51.2672
50.9227
50.5883
50.2637
49.9488
49.6434
49.347
49.0596
48.7806
48.5098
48.2468
47.9913
47.743
47.5015
47.2663
47.0371
46.8134
46.5949
46.3811
46.1717
45.9662
45.7642
45.5653
45.3693
45.1756
44.984
44.7941
44.6056
44.4182
44.2317
44.0458
43.8602
43.6747
43.4891
43.3032
43.1169
42.93
42.7422
42.5536
42.364
42.1731
41.9811
41.7876
41.5927
41.3962
41.198
40.9979
40.7958
40.5916
40.3851
40.1761
39.9644
39.7497
39.5321
39.3114
39.088
38.8627
38.637
38.4142
38.2004
38.0055
37.8462
37.7448
102.037
102.149
102.259
102.373
102.494
102.621
102.753
102.891
103.034
103.184
103.339
103.5
103.666
103.838
104.014
104.194
104.379
104.567
104.757
104.95
105.144
105.338
105.531
105.722
105.911
106.094
106.272
106.443
106.604
106.755
106.893
107.016
107.122
107.209
107.275
107.316
107.332
107.318
107.273
107.193
107.076
106.92
106.721
106.478
106.187
105.846
105.454
105.009
104.51
103.955
103.344
102.677
101.954
101.176
100.346
99.4647
98.5353
97.5612
96.5462
95.4946
94.4112
93.301
92.1694
91.0217
89.8633
88.6993
87.5348
86.3742
85.222
84.0818
82.9569
81.85
80.7633
79.6987
78.6574
77.6405
76.6484
75.6816
74.7401
73.8237
72.9323
72.0653
71.2223
70.4026
69.6057
68.8308
68.0771
67.3439
66.6305
65.936
65.2597
64.6008
63.9586
63.3322
62.7211
62.1243
61.5415
60.9718
60.4147
59.8696
59.336
58.8134
58.3015
57.7999
57.3083
56.8265
56.3543
55.8916
55.4383
54.9943
54.5597
54.1343
53.7182
53.3113
52.9138
52.5255
52.1466
51.7769
51.4164
51.0652
50.7231
50.3901
50.0659
49.7505
49.4437
49.1453
48.855
48.5727
48.2981
48.0311
47.7712
47.5182
47.2719
47.0317
46.7976
46.569
46.3456
46.1272
45.9132
45.7035
45.4976
45.2952
45.0959
44.8995
44.7056
44.5139
44.324
44.1358
43.9489
43.7631
43.578
43.3935
43.2093
43.0252
42.8409
42.6563
42.4711
42.2851
42.0982
41.91
41.7204
41.5291
41.336
41.1406
40.9428
40.7422
40.5383
40.3308
40.1192
39.9028
39.6813
39.454
39.2205
38.9808
38.7355
38.4868
38.2398
38.0036
37.7991
37.6314
102.13
102.24
102.347
102.458
102.573
102.693
102.817
102.946
103.078
103.215
103.356
103.501
103.649
103.801
103.956
104.114
104.273
104.434
104.596
104.758
104.92
105.08
105.237
105.391
105.541
105.685
105.821
105.949
106.067
106.173
106.266
106.344
106.404
106.446
106.466
106.463
106.435
106.379
106.293
106.176
106.023
105.835
105.607
105.339
105.028
104.672
104.271
103.823
103.326
102.78
102.185
101.542
100.849
100.109
99.322
98.4908
97.6174
96.7045
95.7553
94.7734
93.7627
92.7273
91.6716
90.5999
89.5167
88.4263
87.3328
86.2402
85.1521
84.0717
83.0021
81.9459
80.9052
79.8818
78.8773
77.8929
76.9294
75.9875
75.0675
74.1698
73.2943
72.4409
71.6094
70.7994
70.0107
69.2426
68.4946
67.7663
67.0568
66.3656
65.692
65.0354
64.395
63.7703
63.1604
62.5648
61.9828
61.4139
60.8574
60.3126
59.779
59.2562
58.7436
58.2408
57.7473
57.263
56.7875
56.3206
55.8623
55.4122
54.9703
54.5366
54.1109
53.6932
53.2836
52.8821
52.4885
52.1031
51.7259
51.3568
50.9959
50.6431
50.2984
49.9618
49.6332
49.3126
48.9998
48.6947
48.3973
48.1074
47.8248
47.5495
47.281
47.0194
46.7642
46.5153
46.2723
46.0352
45.8034
45.5769
45.3552
45.1381
44.9253
44.7164
44.5113
44.3095
44.1109
43.9149
43.7215
43.5303
43.341
43.1533
42.9668
42.7814
42.5967
42.4125
42.2283
42.044
41.8592
41.6736
41.4868
41.2985
41.1083
40.9158
40.7204
40.5217
40.319
40.1115
39.8985
39.6791
39.452
39.2162
38.9703
38.7132
38.4441
38.1634
37.8742
37.5832
37.3164
37.0483
102.215
102.323
102.427
102.534
102.644
102.759
102.877
102.998
103.122
103.249
103.379
103.512
103.647
103.784
103.923
104.063
104.204
104.345
104.485
104.625
104.762
104.897
105.029
105.155
105.276
105.39
105.496
105.593
105.679
105.753
105.813
105.857
105.885
105.893
105.881
105.846
105.786
105.7
105.586
105.441
105.264
105.052
104.804
104.519
104.194
103.829
103.422
102.971
102.477
101.939
101.357
100.73
100.06
99.3462
98.5912
97.7961
96.9629
96.094
95.192
94.26
93.3014
92.3196
91.3183
90.3013
89.2725
88.2354
87.1937
86.1509
85.11
84.0742
83.046
82.0279
81.0221
80.0302
79.0539
78.0945
77.1529
76.23
75.3264
74.4425
73.5785
72.7346
71.9107
71.1067
70.3224
69.5576
68.8117
68.0843
67.375
66.6832
66.0084
65.3499
64.7072
64.0795
63.4665
62.8673
62.2816
61.7085
61.1476
60.5982
60.0598
59.5318
59.0137
58.5051
58.0054
57.5143
57.0314
56.5566
56.0896
55.6302
55.178
54.733
54.2952
53.8643
53.4404
53.0235
52.6135
52.2105
51.8146
51.4258
51.0441
50.6696
50.3024
49.9425
49.5899
49.2446
48.9068
48.5763
48.2531
47.9374
47.6291
47.3281
47.0342
46.7475
46.4677
46.1948
45.9286
45.6689
45.4155
45.1683
44.9269
44.6913
44.461
44.2359
44.0157
43.8001
43.5888
43.3815
43.1779
42.9776
42.7804
42.5859
42.3936
42.2034
42.0148
41.8274
41.6408
41.4547
41.2686
41.0821
40.8947
40.7058
40.5151
40.3217
40.1252
39.9246
39.7192
39.5079
39.2895
39.0627
38.8258
38.5769
38.3138
38.0339
37.7349
37.4147
37.0735
36.7138
36.3666
35.962
102.299
102.405
102.506
102.61
102.717
102.827
102.94
103.055
103.172
103.291
103.413
103.536
103.661
103.787
103.913
104.04
104.167
104.292
104.417
104.539
104.659
104.775
104.887
104.993
105.093
105.185
105.268
105.342
105.405
105.455
105.491
105.511
105.514
105.499
105.463
105.405
105.323
105.216
105.081
104.917
104.723
104.496
104.234
103.938
103.604
103.233
102.822
102.372
101.881
101.349
100.776
100.163
99.5095
98.8165
98.0852
97.3169
96.5134
95.6767
94.8092
93.9135
92.9925
92.0493
91.0871
90.1093
89.1192
88.1201
87.1151
86.1075
85.1
84.0953
83.0961
82.1045
81.1226
80.1521
79.1945
78.2512
77.3233
76.4116
75.5169
74.6397
73.7805
72.9393
72.1165
71.312
70.5258
69.7578
69.0076
68.2749
67.5594
66.8605
66.1779
65.511
64.8593
64.2223
63.5994
62.99
62.3937
61.8098
61.2378
60.6771
60.1271
59.5873
59.0572
58.5362
58.0239
57.5198
57.0236
56.535
56.0537
55.5793
55.1115
54.6502
54.1952
53.7464
53.3036
52.8668
52.436
52.0111
51.5923
51.1796
50.7731
50.3729
49.9791
49.5918
49.2112
48.8374
48.4706
48.1107
47.7581
47.4129
47.0751
46.7448
46.4221
46.107
45.7995
45.4995
45.2072
44.9223
44.6447
44.3744
44.1112
43.8549
43.6053
43.3621
43.1251
42.8941
42.6686
42.4483
42.233
42.0222
41.8156
41.6127
41.413
41.2163
41.0218
40.8293
40.6382
40.4479
40.2579
40.0677
39.8765
39.6838
39.4888
39.2908
39.0888
38.8818
38.6688
38.4484
38.219
37.9788
37.7256
37.4568
37.169
36.8585
36.5209
36.1512
35.7461
35.302
34.8549
34.2749
102.378
102.482
102.581
102.682
102.787
102.893
103.002
103.112
103.224
103.338
103.453
103.569
103.686
103.803
103.921
104.037
104.153
104.268
104.38
104.49
104.596
104.698
104.795
104.886
104.97
105.046
105.113
105.17
105.215
105.248
105.266
105.269
105.255
105.222
105.17
105.096
104.998
104.876
104.727
104.55
104.344
104.106
103.836
103.532
103.193
102.818
102.405
101.955
101.467
100.941
100.376
99.7723
99.1312
98.4529
97.7386
96.9894
96.207
95.393
94.5496
93.6791
92.784
91.8671
90.9312
89.9794
89.0147
88.0401
87.0584
86.0725
85.0852
84.0988
83.1158
82.1384
81.1685
80.2077
79.2576
78.3194
77.3942
76.4831
75.5868
74.7059
73.841
72.9923
72.1601
71.3446
70.5459
69.764
68.9987
68.2498
67.5169
66.7999
66.0983
65.4117
64.7397
64.0818
63.4374
62.8063
62.1878
61.5815
60.9867
60.403
59.8299
59.2668
58.7132
58.1685
57.6324
57.1043
56.5838
56.0706
55.5643
55.0646
54.5711
54.0835
53.6016
53.1253
52.6543
52.1886
51.7281
51.2729
50.823
50.3786
49.9398
49.5067
49.0795
48.6586
48.2441
47.8364
47.4357
47.0422
46.6564
46.2785
45.9087
45.5473
45.1944
44.8502
44.5148
44.1883
43.8708
43.5621
43.2623
42.9713
42.6889
42.4149
42.1491
41.8912
41.6409
41.3979
41.1618
40.9321
40.7084
40.4902
40.277
40.0684
39.8637
39.6623
39.4638
39.2673
39.0724
38.8782
38.6842
38.4896
38.2935
38.0953
37.8939
37.6885
37.4778
37.2608
37.0361
36.802
36.5566
36.2978
36.0227
35.7281
35.4099
35.063
34.6811
34.2566
33.7823
33.247
32.692
31.9147
102.453
102.555
102.652
102.75
102.851
102.954
103.059
103.165
103.272
103.381
103.491
103.601
103.712
103.822
103.932
104.041
104.149
104.254
104.358
104.458
104.554
104.645
104.731
104.811
104.884
104.948
105.003
105.048
105.081
105.101
105.107
105.097
105.071
105.026
104.961
104.875
104.767
104.634
104.475
104.289
104.074
103.829
103.552
103.243
102.899
102.521
102.107
101.657
101.17
100.646
100.085
99.4873
98.8531
98.1834
97.4788
96.7407
95.9703
95.1693
94.3395
93.4828
92.6017
91.6985
90.7759
89.8365
88.8831
87.9184
86.9453
85.9662
84.9836
84.0001
83.0177
82.0387
81.0649
80.0978
79.139
78.1897
77.251
76.324
75.4093
74.5078
73.6199
72.7461
71.8867
71.0421
70.2124
69.3978
68.5982
67.8135
67.0436
66.2883
65.5472
64.8202
64.1069
63.4069
62.7198
62.0453
61.383
60.7323
60.0929
59.4642
58.8458
58.2373
57.6382
57.0479
56.466
55.8922
55.3259
54.767
54.215
53.6695
53.1304
52.5972
52.07
51.5484
51.0325
50.5222
50.0175
49.5186
49.0257
48.5391
48.0591
47.5858
47.1199
46.6615
46.2113
45.7695
45.3367
44.9131
44.4992
44.0954
43.702
43.3191
42.9471
42.586
42.2358
41.8968
41.5686
41.2514
40.9448
40.6488
40.3629
40.0869
39.8205
39.5631
39.3144
39.0738
38.8408
38.6148
38.3952
38.1815
37.9729
37.7687
37.5684
37.3711
37.1761
36.9827
36.7901
36.5976
36.4042
36.2091
36.0115
35.8104
35.6047
35.3935
35.1754
34.9492
34.7134
34.4661
34.2053
33.9286
33.6329
33.3144
32.9685
32.5893
32.1692
31.6984
31.1663
30.5538
29.9066
28.9419
102.507
102.606
102.702
102.798
102.897
102.998
103.1
103.203
103.308
103.412
103.518
103.624
103.729
103.834
103.938
104.041
104.142
104.241
104.337
104.429
104.517
104.601
104.678
104.749
104.813
104.868
104.913
104.948
104.971
104.981
104.977
104.957
104.921
104.866
104.792
104.696
104.578
104.436
104.268
104.074
103.851
103.598
103.314
102.999
102.65
102.266
101.848
101.393
100.903
100.376
99.8128
99.2132
98.5779
97.9073
97.2024
96.4641
95.6936
94.8923
94.0619
93.2042
92.3211
91.4148
90.4877
89.5421
88.5806
87.6057
86.6199
85.6256
84.6253
83.621
82.6151
81.6096
80.6062
79.6066
78.612
77.6238
76.6432
75.6711
74.7082
73.7555
72.8134
71.8825
70.9633
70.0562
69.1615
68.2794
67.4101
66.5537
65.7101
64.8794
64.0614
63.2559
62.4629
61.682
60.9131
60.156
59.4103
58.6759
57.9523
57.2393
56.5367
55.8441
55.1613
54.4881
53.8241
53.1692
52.5234
51.8865
51.2585
50.6394
50.0291
49.4279
48.8357
48.2529
47.6797
47.1162
46.5628
46.0199
45.4879
44.9672
44.4581
43.9609
43.4761
43.004
42.5448
42.0987
41.666
41.2468
40.8411
40.449
40.0705
39.7055
39.3538
39.0152
38.6895
38.3763
38.0753
37.7861
37.5082
37.2413
36.9847
36.738
36.5005
36.2717
36.051
35.8377
35.631
35.4305
35.2352
35.0446
34.8578
34.6742
34.4929
34.3132
34.1343
33.9554
33.7757
33.5944
33.4106
33.2235
33.0321
32.8356
32.6328
32.4228
32.2044
31.9762
31.7366
31.4841
31.2165
30.9313
30.6253
30.2949
29.9348
29.539
29.0989
28.6036
28.0397
27.3806
26.6749
25.5547
102.537
102.632
102.723
102.815
102.911
103.008
103.106
103.205
103.305
103.406
103.507
103.608
103.708
103.808
103.906
104.003
104.098
104.19
104.279
104.365
104.445
104.521
104.59
104.652
104.707
104.753
104.789
104.814
104.827
104.826
104.812
104.781
104.734
104.668
104.582
104.475
104.345
104.191
104.011
103.804
103.569
103.304
103.007
102.679
102.317
101.92
101.488
101.02
100.515
99.9729
99.3939
98.7779
98.1253
97.4365
96.7123
95.9536
95.1612
94.3363
93.4804
92.5951
91.6819
90.7428
89.7799
88.7952
87.7911
86.7697
85.7335
84.6846
83.6254
82.5579
81.4843
80.4065
79.3264
78.2456
77.1654
76.0872
75.0123
73.9416
72.8761
71.8167
70.7642
69.7193
68.6827
67.6549
66.6367
65.6285
64.6307
63.6438
62.668
61.7036
60.751
59.8103
58.8817
57.9655
57.0619
56.1709
55.293
54.4283
53.577
52.7393
51.9157
51.1065
50.312
49.5327
48.7688
48.0209
47.2895
46.5752
45.8783
45.1993
44.5386
43.8965
43.2734
42.6694
42.0849
41.5198
40.9738
40.4473
39.9402
39.4521
38.9828
38.5319
38.0991
37.6839
37.2859
36.9046
36.5395
36.1899
35.8556
35.5358
35.2299
34.9375
34.6579
34.3906
34.1349
33.8904
33.6563
33.4322
33.2173
33.0111
32.8129
32.6223
32.4384
32.2608
32.0887
31.9215
31.7585
31.599
31.4424
31.288
31.135
30.9829
30.8308
30.6781
30.524
30.3678
30.2088
30.0463
29.8795
29.7076
29.5298
29.3454
29.1533
28.9528
28.7425
28.5215
28.2883
28.0412
27.7783
27.4973
27.195
26.8677
26.5103
26.1165
25.6774
25.1811
24.6129
23.9389
23.2096
21.9685
102.499
102.591
102.679
102.769
102.86
102.953
103.046
103.139
103.233
103.326
103.419
103.512
103.603
103.693
103.782
103.868
103.952
104.033
104.11
104.183
104.251
104.312
104.368
104.416
104.455
104.485
104.505
104.513
104.508
104.49
104.456
104.406
104.339
104.251
104.143
104.013
103.86
103.68
103.475
103.241
102.977
102.682
102.355
101.994
101.598
101.165
100.695
100.187
99.6394
99.0525
98.4257
97.7589
97.0524
96.3064
95.5214
94.6979
93.8367
92.9387
92.005
91.037
90.036
89.0038
87.9421
86.8528
85.7381
84.6001
83.441
82.2633
81.069
79.8604
78.6399
77.4098
76.172
74.9285
73.6811
72.4315
71.1814
69.9322
68.6855
67.4427
66.2051
64.974
63.7508
62.5368
61.3332
60.1413
58.9624
57.7976
56.648
55.5147
54.3989
53.3017
52.2241
51.1671
50.1317
49.119
48.1301
47.1658
46.2269
45.3143
44.4288
43.5711
42.7417
41.9411
41.1696
40.4275
39.7151
39.0321
38.3783
37.7537
37.1577
36.5897
36.049
35.535
35.0468
34.5834
34.1436
33.7268
33.332
32.958
32.6038
32.2683
31.9507
31.6498
31.3648
31.0947
30.8386
30.5956
30.3651
30.1462
29.938
29.74
29.5514
29.3716
29.1998
29.0356
28.8783
28.7273
28.582
28.442
28.3065
28.1752
28.0473
27.9225
27.8
27.6795
27.5603
27.4418
27.3234
27.2048
27.0851
26.964
26.8407
26.7148
26.5856
26.4526
26.3151
26.1727
26.0245
25.8702
25.7089
25.5402
25.363
25.1768
24.9805
24.7733
24.5536
24.3203
24.0712
23.8045
23.5168
23.2047
22.8632
22.486
22.0642
21.5855
21.0342
20.3712
19.6477
18.3159
102.276
102.347
102.418
102.491
102.565
102.64
102.714
102.789
102.862
102.935
103.007
103.077
103.146
103.212
103.276
103.336
103.393
103.446
103.493
103.535
103.571
103.6
103.62
103.632
103.634
103.625
103.604
103.569
103.52
103.456
103.374
103.273
103.153
103.01
102.845
102.654
102.438
102.192
101.917
101.611
101.271
100.896
100.485
100.035
99.5463
99.0162
98.4436
97.8275
97.1668
96.4606
95.7084
94.9099
94.0651
93.1744
92.2379
91.256
90.2295
89.1594
88.0467
86.893
85.6999
84.4692
83.2032
81.9041
80.5744
79.217
77.8346
76.4303
75.0071
73.568
72.1163
70.6554
69.1881
67.7175
66.2464
64.7777
63.314
61.8582
60.4126
58.9797
57.562
56.1617
54.7813
53.423
52.0888
50.7808
49.501
48.2512
47.0329
45.8479
44.6972
43.5822
42.5038
41.4629
40.46
39.4956
38.5701
37.6836
36.8359
36.0267
35.2556
34.5221
33.8255
33.1649
32.5394
31.948
31.3898
30.8634
30.3676
29.9013
29.4633
29.0521
28.6665
28.3051
27.9668
27.6501
27.3534
27.076
26.8166
26.574
26.347
26.1345
25.9354
25.7488
25.5737
25.4091
25.2543
25.1083
24.9707
24.8403
24.7165
24.599
24.4869
24.3797
24.2769
24.1779
24.0822
23.9894
23.899
23.8106
23.7236
23.6378
23.5527
23.4678
23.3828
23.2972
23.2106
23.1226
23.0327
22.9406
22.8458
22.748
22.6466
22.5413
22.4316
22.3172
22.1974
22.0721
21.9406
21.8026
21.6575
21.5048
21.3439
21.1742
20.9948
20.8051
20.6036
20.3894
20.1604
19.9148
19.6497
19.3617
19.046
18.6965
18.3044
17.8578
17.3411
16.7115
16.023
14.6323
101.258
101.267
101.279
101.29
101.297
101.302
101.303
101.302
101.297
101.289
101.277
101.262
101.242
101.217
101.187
101.151
101.109
101.06
101.004
100.939
100.865
100.78
100.685
100.578
100.457
100.322
100.172
100.004
99.8184
99.613
99.3862
99.1366
98.8625
98.5622
98.234
97.8761
97.4867
97.064
96.6062
96.1116
95.5782
95.0046
94.389
93.7299
93.026
92.2757
91.4781
90.6321
89.7369
88.7921
87.7972
86.7527
85.6592
84.5176
83.3288
82.094
80.8149
79.4934
78.1315
76.7319
75.2974
73.831
72.336
70.8159
69.2744
67.7155
66.143
64.5613
62.9742
61.386
59.8009
58.223
56.6561
55.1038
53.5697
52.0569
50.5686
49.1075
47.6762
46.2771
44.9123
43.5837
42.2931
41.0422
39.832
38.6636
37.5381
36.4559
35.4174
34.4228
33.4719
32.5646
31.7003
30.8785
30.0982
29.3586
28.6589
27.9979
27.3743
26.7869
26.2343
25.7154
25.2286
24.7727
24.3462
23.9479
23.5766
23.2306
22.9086
22.6096
22.3321
22.075
21.8369
21.6166
21.4132
21.2251
21.051
20.8904
20.7422
20.6052
20.4785
20.3612
20.2525
20.1515
20.0574
19.9695
19.887
19.8094
19.7363
19.6666
19.6
19.5361
19.4744
19.4145
19.356
19.2983
19.2413
19.1845
19.1277
19.0705
19.0126
18.9538
18.8938
18.8322
18.769
18.7036
18.6359
18.5656
18.4924
18.416
18.3363
18.2529
18.1655
18.0739
17.9777
17.8768
17.7708
17.6594
17.5423
17.4192
17.2898
17.1536
17.0102
16.859
16.6994
16.5308
16.352
16.162
15.9592
15.7418
15.5072
15.2522
14.9726
14.6625
14.3142
13.9162
13.4546
12.8858
12.2706
10.8736
95.2466
95.0002
94.7648
94.5251
94.2763
94.0206
93.7594
93.4929
93.2207
92.943
92.6596
92.3705
92.0753
91.7739
91.4661
91.1514
90.8295
90.5
90.1624
89.816
89.4603
89.0946
88.7181
88.33
87.9295
87.5157
87.0875
86.6438
86.1837
85.706
85.2094
84.6927
84.1546
83.5939
83.0092
82.3993
81.7627
81.0982
80.4046
79.6806
78.9252
78.1371
77.3157
76.4599
75.5692
74.6429
73.6807
72.6824
71.6481
70.5779
69.4722
68.3318
67.158
65.9521
64.7154
63.4495
62.1564
60.8384
59.4979
58.1378
56.7612
55.3711
53.9708
52.5638
51.1536
49.7438
48.3381
46.9401
45.5532
44.1809
42.8268
41.4942
40.1859
38.9044
37.6523
36.4317
35.2444
34.092
32.9759
31.897
30.8564
29.8545
28.8922
27.9696
27.0866
26.2433
25.4395
24.675
23.949
23.2609
22.6099
21.9951
21.4154
20.8698
20.357
19.8758
19.4253
19.004
18.6106
18.2438
17.9022
17.5848
17.2901
17.017
16.7642
16.5307
16.3155
16.1171
15.9346
15.7671
15.6137
15.4731
15.3447
15.2273
15.1203
15.0225
14.9327
14.8509
14.7763
14.7078
14.6449
14.5869
14.5331
14.483
14.4361
14.3917
14.3494
14.3089
14.2699
14.2314
14.1935
14.1557
14.1181
14.08
14.0414
14.0019
13.9615
13.9196
13.8766
13.8318
13.7855
13.7371
13.6869
13.6344
13.5799
13.5226
13.4631
13.4006
13.3356
13.2673
13.1963
13.1217
13.0441
12.9626
12.8778
12.7889
12.6963
12.5992
12.4981
12.3922
12.2817
12.1659
12.0449
11.9179
11.7849
11.6446
11.4971
11.3407
11.1748
10.9971
10.8066
10.5995
10.3734
10.1227
9.84195
9.52083
9.14956
8.68775
8.20871
6.9329
72.9709
72.3379
71.74
71.1479
70.5558
69.9676
69.3857
68.81
68.2405
67.6771
67.1197
66.5683
66.0225
65.4822
64.947
64.4167
63.8907
63.3688
62.8504
62.3349
61.8218
61.3104
60.8002
60.2903
59.78
59.2685
58.755
58.2386
57.7184
57.1934
56.6628
56.1253
55.5802
55.0263
54.4627
53.8882
53.3019
52.7028
52.09
51.4625
50.8194
50.1601
49.4837
48.7898
48.0778
47.3473
46.5981
45.8299
45.0429
44.2371
43.4128
42.5705
41.7059
40.8204
39.9154
38.9924
38.053
37.0994
36.1335
35.1576
34.1743
33.1859
32.1949
31.2039
30.2157
29.2329
28.2582
27.2942
26.3434
25.4083
24.4915
23.5952
22.7211
21.8712
21.0468
20.2494
19.4798
18.739
18.0276
17.3459
16.6943
16.0729
15.4817
14.9207
14.3894
13.8874
13.4143
12.9696
12.5523
12.1617
11.7968
11.4567
11.1402
10.8463
10.5738
10.3216
10.0887
9.874
9.67629
9.49447
9.32757
9.17461
9.03463
8.90668
8.78989
8.68354
8.58696
8.49908
8.41931
8.34712
8.28184
8.22279
8.16939
8.12107
8.07735
8.03751
8.00085
7.96737
7.93665
7.90809
7.88127
7.85587
7.83155
7.80801
7.78494
7.76206
7.73913
7.71596
7.69256
7.66829
7.6432
7.61726
7.59039
7.56236
7.53316
7.50266
7.47085
7.43762
7.40301
7.36689
7.32932
7.2902
7.2496
7.20739
7.16365
7.11824
7.07121
7.02244
6.97199
6.91975
6.86579
6.80996
6.7523
6.69264
6.63105
6.56735
6.50159
6.43357
6.36332
6.29059
6.21539
6.13743
6.05668
5.97276
5.88554
5.79453
5.69944
5.59955
5.49432
5.38268
5.26362
5.13545
4.99631
4.84338
4.67325
4.48033
4.25942
3.98464
3.72095
2.88555
7.62099
8.7427
9.75968
10.5172
11.1935
11.8664
12.5383
13.2097
13.8889
14.5843
15.3019
16.0469
16.8245
17.6404
18.5003
19.4107
20.3786
21.4123
22.5222
23.7236
25.0375
26.4625
28.1377
29.6858
33.9383
11.7988
12.8168
13.8168
14.641
15.4212
16.22
17.0376
17.8739
18.7377
19.6378
20.5819
21.5767
22.6296
23.7487
24.9425
26.2204
27.5932
29.0729
30.6743
32.4099
34.3123
36.3833
38.8021
41.1298
46.168
14.5608
15.4326
16.3627
17.1866
17.9848
18.8074
19.6566
20.5339
21.4481
22.4088
23.4244
24.5029
25.6528
26.8839
28.2064
29.632
31.1739
32.8473
34.6707
36.6638
38.8582
41.2629
44.0626
46.8196
52.1816
16.5363
17.3051
18.1646
18.9678
19.7598
20.5797
21.431
22.3153
23.2408
24.2168
25.2517
26.354
27.5328
28.7984
30.1617
31.6355
33.234
34.9738
36.8749
38.9592
41.2626
43.7924
46.7378
49.6498
55.0774
18.0047
18.6961
19.4899
20.2664
21.047
21.8593
22.7065
23.5903
24.5179
25.4978
26.5385
27.6483
28.8366
30.1139
31.4914
32.9823
34.6011
36.3652
38.295
40.4133
42.7582
45.3342
48.337
51.2928
56.7034
19.1148
19.7469
20.4824
21.2297
21.9949
22.796
23.6359
24.5159
25.4422
26.4227
27.4654
28.5784
29.7709
31.0535
32.4375
33.936
35.5639
37.3386
39.2811
41.4139
43.7769
46.3708
49.3995
52.3581
57.7288
19.9557
20.5414
21.2272
21.945
22.6925
23.4804
24.3109
25.1851
26.1084
27.0878
28.1307
29.2452
30.4403
31.7263
33.1144
34.6178
36.2513
38.0324
39.9823
42.1233
44.4962
47.0978
50.1406
53.0869
58.4151
20.5866
21.1357
21.7798
22.4696
23.1985
23.9723
24.7922
25.6594
26.5785
27.5557
28.5981
29.7133
30.9101
32.1988
33.5903
35.0977
36.7358
38.5221
40.4778
42.6247
45.0048
47.6104
50.6631
53.5921
58.8817
21.0503
21.5705
22.1799
22.8438
23.5543
24.3137
25.1226
25.9821
26.8961
27.8704
28.9116
30.027
31.2251
32.516
33.9106
35.4216
37.0641
38.8552
40.8162
42.9686
45.355
47.9636
51.0244
53.9351
59.1923
21.3802
21.8772
22.4576
23.0982
23.7909
24.5359
25.3336
26.1849
27.0934
28.0641
29.1035
30.2185
31.4175
32.7102
34.1076
35.6221
37.2687
39.0644
41.0307
43.1884
45.5809
48.1922
51.2606
54.1538
59.385
21.604
22.0819
22.6381
23.2576
23.9333
24.6641
25.4503
26.293
27.1953
28.1619
29.1988
30.3129
31.5121
32.8062
34.2059
35.7235
37.3739
39.174
41.1453
43.3082
45.7068
48.3209
51.3965
54.2738
59.4848
21.7459
22.2077
22.7432
23.3435
24.0027
24.7195
25.4941
26.3276
27.2229
28.1846
29.2182
30.3305
31.5293
32.824
34.2253
35.7454
37.399
39.2032
41.1791
43.3469
45.7513
48.3683
51.4508
54.314
59.5098
21.828
22.2757
22.793
23.3755
24.0186
24.7213
25.4838
26.3074
27.1949
28.1506
29.18
30.2895
31.4867
32.781
34.1829
35.7046
37.3607
39.168
41.1479
43.3201
45.7297
48.3495
51.4384
54.2893
59.4742
21.8709
22.3057
22.8063
23.3719
23.9991
24.6873
25.4371
26.2499
27.1285
28.077
29.1008
30.2061
31.4005
32.693
34.0943
35.6163
37.2736
39.083
41.0658
43.2415
45.6556
48.2777
51.3722
54.2124
59.3898
21.8941
22.3162
22.8009
23.3498
23.961
24.6342
25.3704
26.1713
27.0397
27.9796
28.9963
30.0958
31.2857
32.5749
33.9739
35.4946
37.1516
38.9616
40.9459
43.1237
45.5411
48.1648
51.2637
54.0947
59.2672
21.9151
22.3244
22.7934
23.3256
23.9202
24.5776
25.2992
26.0868
26.9435
27.8732
28.881
29.973
31.1565
32.4405
33.8352
35.3528
37.0075
38.8162
40.8003
42.9786
45.3976
48.0218
51.1236
53.9465
59.1162
21.9504
22.3461
22.799
23.314
23.8913
24.532
25.2377
26.0107
26.854
27.7717
28.7687
29.8512
31.0263
32.3028
33.6912
35.2034
36.8537
38.659
40.6406
42.8174
45.236
47.8591
50.9618
53.7771
58.9464
22.0142
22.3953
22.8315
23.3286
23.8877
24.5105
25.199
25.9559
26.7842
27.688
28.6722
29.743
30.9074
32.1742
33.5538
35.0581
36.7016
38.5009
40.4776
42.6504
45.0663
47.6865
50.7879
53.5955
58.7672
22.1193
22.4851
22.9039
23.3823
23.9223
24.5261
25.1961
25.9352
26.7465
27.6342
28.6033
29.6598
30.8107
32.0648
33.4326
34.9258
36.559
38.349
40.3172
42.4825
44.8922
47.5063
50.6033
53.4007
58.5791
22.2755
22.6257
23.0271
23.4866
24.0073
24.5917
25.2426
25.9629
26.7562
27.6265
28.5788
29.6191
30.7544
31.9935
33.3468
34.8261
36.4459
38.2231
40.179
42.3323
44.7306
47.3338
50.4208
53.2044
58.3761
22.4904
22.8248
23.2087
23.6496
24.1511
24.716
25.3476
26.0489
26.8236
27.6758
28.6106
29.6337
30.7524
31.9752
33.3126
34.7764
36.3812
38.1437
40.0855
42.2248
44.6094
47.1985
50.2724
53.0409
58.1991
22.7698
23.0883
23.4549
23.8773
24.3598
24.9055
25.5178
26.2
26.9558
27.7895
28.706
29.7112
30.8121
32.0175
33.3376
34.7845
36.3725
38.1186
40.0443
42.1678
44.5368
47.1098
50.1678
52.9189
58.0593
23.1171
23.4198
23.7693
24.1738
24.6377
25.1645
25.7578
26.421
27.1579
27.9728
28.8705
29.8571
30.9395
32.1264
33.4281
34.8566
36.4264
38.1544
40.0623
42.168
44.5195
47.0745
50.1147
52.8465
57.9657
23.5337
23.8206
24.1535
24.5404
24.9863
25.4949
26.0696
26.7142
27.4324
28.2285
29.1074
30.0751
31.1384
32.306
33.5884
34.9974
36.5476
38.2561
40.1444
42.2307
44.5627
47.0979
50.1184
52.8297
57.9247
24.0188
24.2901
24.6066
24.9767
25.4053
25.8962
26.4531
27.0797
27.7797
28.5573
29.4175
30.3662
31.4101
32.5581
33.8204
35.2091
36.7388
38.4265
40.2939
42.3591
44.6701
47.1839
50.1829
52.8723
57.9405
24.57
24.8256
25.126
25.4798
25.8919
26.366
26.9058
27.5151
28.1975
28.9573
29.7992
30.729
31.7538
32.8819
34.1239
35.4918
37.0002
38.6662
40.5116
42.5546
44.8431
47.3339
50.3099
52.9764
58.0151
25.1834
25.4231
25.7077
26.0456
26.4418
26.8999
27.4235
28.0163
28.682
29.4245
30.2487
31.1602
32.1659
33.2745
34.4961
35.843
37.3297
38.9735
40.7962
42.8159
45.0809
47.5477
50.4993
53.1421
58.1482
25.8493
26.0725
26.341
26.6634
27.044
27.4866
27.9946
28.5715
29.2208
29.9466
30.7534
31.6469
32.6339
33.7229
34.9242
36.2499
37.7147
39.3358
41.1352
43.131
45.3714
47.8133
50.7393
53.3584
58.3281
26.5626
26.769
27.0212
27.3281
27.6935
28.121
28.6138
29.1754
29.8089
30.5184
31.3082
32.184
33.1524
34.222
35.403
36.7075
38.1503
39.7486
41.5244
43.496
45.7115
48.1282
51.0278
53.6236
58.5584
27.3241
27.5132
27.7493
28.041
28.3918
28.8048
29.2832
29.8301
30.4486
31.1424
31.9159
32.7745
33.7249
34.7755
35.9365
37.22
38.6409
40.2164
41.9684
43.9155
46.1056
48.4968
51.3692
53.9419
58.8411
28.1278
28.2993
28.5193
28.7961
29.1328
29.532
29.9968
30.5298
31.134
31.8128
32.5705
33.4124
34.3452
35.3772
36.5185
37.7814
39.1806
40.7333
42.4616
44.3841
46.5486
48.9142
51.7585
54.3088
59.1713
28.9676
29.1212
29.3251
29.5876
29.9108
30.297
30.7488
31.2686
31.8592
32.5236
33.2661
34.0918
35.0074
36.021
37.143
38.3854
39.763
41.2932
42.9978
44.8957
47.0345
49.3745
52.1901
54.7188
59.5433
29.8369
29.9727
30.1609
30.4095
30.72
31.0941
31.5338
32.0413
32.6188
33.2694
33.9971
34.8069
35.7055
36.7011
37.8038
39.0259
40.382
41.8896
43.5706
45.444
47.5567
49.8712
52.6575
55.1659
59.9502
30.7287
30.847
31.0202
31.2561
31.5551
31.918
32.3466
32.8425
33.4077
34.045
34.7582
35.5523
36.4341
37.4117
38.4952
39.6969
41.0315
42.5165
44.1736
46.0223
48.1088
50.3977
53.154
55.6432
60.3845
31.6805
31.782
31.9404
32.1637
32.4511
32.8028
33.2199
33.7035
34.2554
34.8782
35.5755
36.3525
37.2157
38.1733
39.2356
40.4147
41.7255
43.1854
44.8162
46.6374
48.6949
50.9555
53.6781
56.1468
60.8377
32.6596
32.7454
32.891
33.1036
33.3814
33.7234
34.1302
34.6024
35.1415
35.7499
36.4313
37.1906
38.0347
38.9716
40.0118
41.1675
42.4536
43.8874
45.4908
47.2837
49.3112
51.5429
54.2313
56.6794
61.324
33.5971
33.6698
33.806
34.0119
34.2836
34.6194
35.019
35.4827
36.0115
36.6078
37.2752
38.0188
38.8454
39.7634
40.7831
41.917
43.1799
44.5893
46.167
47.9333
49.9325
52.1372
54.7934
57.2233
61.8271
34.4839
34.547
34.678
34.881
35.1506
35.4838
35.8795
36.3375
36.8587
37.4451
38.1006
38.8304
39.6413
40.542
41.5428
42.6564
43.8977
45.2842
46.8377
48.5789
50.5516
52.731
55.3568
57.7711
62.3386
35.3081
35.3658
35.4965
35.7016
35.9735
36.308
36.7034
37.1589
37.6751
38.2542
38.9
39.6179
40.4151
41.3002
42.2839
43.3788
44.6
45.9652
47.4961
49.2138
51.1613
53.3173
55.9143
58.3157
62.8511
36.0543
36.1119
36.248
36.4608
36.7401
37.0804
37.4796
37.9362
38.4506
39.0252
39.6639
40.3724
41.158
42.0296
42.9981
44.0762
45.279
46.6246
48.1345
49.8302
51.7544
53.8887
56.4587
58.8499
63.3577
36.6962
36.7625
36.9128
37.1407
37.4337
37.7856
38.1934
38.6555
39.1719
39.7454
40.3801
41.0819
41.8585
42.7192
43.6747
44.7382
45.9248
47.2528
48.7436
50.4194
52.322
54.4365
56.9815
59.3655
63.8513
37.2125
37.2918
37.4672
37.719
38.0334
38.4035
38.8257
39.2982
39.8212
40.3976
41.0319
41.7305
42.5014
43.354
44.2995
45.351
46.5241
47.8368
49.311
50.9692
52.8525
54.9498
57.4721
59.8521
64.3229
37.572
37.6732
37.8816
38.1685
38.5124
38.9078
39.351
39.8396
40.3742
40.9581
41.5964
42.2957
43.0646
43.9127
44.8515
45.8944
47.0571
48.3578
49.8183
51.4618
53.3289
55.4121
57.9152
60.2951
64.7584
37.7319
37.8668
38.1217
38.4515
38.8343
39.263
39.7341
40.2449
40.7964
41.3927
42.0394
42.7438
43.5147
44.3624
45.2985
46.3366
47.4927
48.7852
50.2362
51.869
53.7241
55.7976
58.2862
60.6713
65.1382
37.6181
37.8056
38.128
38.5158
38.9472
39.4196
39.9274
40.4676
41.0422
41.6564
42.3167
43.0309
43.8086
44.6604
45.5984
46.6366
47.7911
49.0808
50.5276
52.1558
54.0053
56.0763
58.5589
60.959
65.4526
37.0355
37.2973
37.7075
38.1644
38.6503
39.169
39.7171
40.2891
40.8887
41.5221
42.1969
42.9218
43.7072
44.5644
45.5059
46.5462
47.7018
48.9919
50.439
52.0678
53.9182
55.9938
58.481
60.9047
65.4481
35.952
36.3063
36.816
37.3445
37.8839
38.4455
39.0266
39.6263
40.2461
40.8941
41.5792
42.311
43.1009
43.961
44.9047
45.9469
47.1048
48.3982
49.8496
51.4846
53.343
55.4311
57.9343
60.3884
65.0005
34.2754
34.7432
35.3619
35.9615
36.5516
37.1516
37.7598
38.3781
39.0124
39.6698
40.3607
41.0961
41.8886
42.7513
43.6982
44.745
45.9092
47.2109
48.6728
50.3206
52.1942
54.3014
56.8286
59.3172
64.0102
31.939
32.5407
33.2732
33.9414
34.5783
35.2123
35.8432
36.4745
37.1201
37.787
38.4861
39.2296
40.0309
40.9036
41.8621
42.9219
44.1003
45.4173
46.8948
48.5583
50.4472
52.5701
55.1154
57.6294
62.3948
29.0041
29.7546
30.6014
31.3352
32.0179
32.6866
33.3434
33.9951
34.6557
35.3422
36.0614
36.8254
37.6479
38.5417
39.5204
40.599
41.7936
43.1235
44.6094
46.2763
48.1624
50.2769
52.8099
55.3141
60.115
25.6623
26.5677
27.5248
28.3234
29.0562
29.7677
30.462
31.1484
31.8415
32.5565
33.3051
34.0962
34.9425
35.8556
36.8478
37.9331
39.1263
40.446
41.9115
43.5471
45.3896
47.4482
49.9148
52.3484
57.1251
22.1217
23.1806
24.2427
25.1087
25.8999
26.6647
27.4075
28.1375
28.8687
29.6133
30.3827
31.1866
32.0368
32.9435
33.9184
34.9745
36.1257
37.39
38.7851
40.3351
42.0743
44.0119
46.3408
48.626
53.3095
18.5167
19.7266
20.8922
21.831
22.686
23.5056
24.2921
25.0535
25.8025
26.549
27.3044
28.0806
28.8891
29.7399
30.6443
31.6153
32.6658
33.814
35.0755
36.4741
38.041
39.7851
41.8984
43.9509
48.472
14.895
16.258
17.5268
18.5342
19.4375
20.2837
21.0745
21.8182
22.5278
23.2121
23.8907
24.5737
25.2737
26.0016
26.769
27.589
28.4742
29.4419
30.5061
31.6888
33.0183
34.4994
36.3243
38.0601
42.3404
11.2332
12.7425
14.0857
15.1102
15.9889
16.7756
17.4767
18.1054
18.6747
19.2107
19.728
20.239
20.7578
21.296
21.8654
22.4779
23.145
23.8811
24.6978
25.6124
26.6499
27.8067
29.2731
30.6077
34.505
7.42051
8.97569
10.2439
11.1139
11.7925
12.3523
12.8114
13.1895
13.521
13.8237
14.1115
14.3968
14.6924
15.0065
15.3489
15.7258
16.147
16.6189
17.1517
17.7527
18.4454
19.2122
20.2295
21.0764
24.2459
3.32411
4.54298
5.38834
5.84246
6.1358
6.34773
6.5009
6.62041
6.72044
6.8118
6.90211
6.99718
7.10322
7.22307
7.36058
7.51763
7.69821
7.90469
8.14126
8.41076
8.72593
9.07132
9.56387
9.89098
11.8261
)
;

boundaryField
{
    inlet
    {
        type            calculated;
        value           uniform 100;
    }
    outlet
    {
        type            calculated;
        value           nonuniform List<scalar> 
57
(
33.9383
46.168
52.1816
55.0774
56.7034
57.7288
58.4151
58.8817
59.1923
59.385
59.4848
59.5098
59.4742
59.3898
59.2672
59.1162
58.9464
58.7672
58.5791
58.3761
58.1991
58.0593
57.9657
57.9247
57.9405
58.0151
58.1482
58.3281
58.5584
58.8411
59.1713
59.5433
59.9502
60.3845
60.8377
61.324
61.8271
62.3386
62.8511
63.3577
63.8513
64.3229
64.7584
65.1382
65.4526
65.4481
65.0005
64.0102
62.3948
60.115
57.1251
53.3095
48.472
42.3404
34.505
24.2459
11.8261
)
;
    }
    upperWall
    {
        type            calculated;
        value           uniform 0;
    }
    lowerWall
    {
        type            calculated;
        value           uniform 0;
    }
    frontAndBack
    {
        type            empty;
    }
}


// ************************************************************************* //
