/*--------------------------------*- C++ -*----------------------------------*\
| =========                 |                                                 |
| \\      /  F ield         | OpenFOAM: The Open Source CFD Toolbox           |
|  \\    /   O peration     | Version:  2.3.1                                 |
|   \\  /    A nd           | Web:      www.OpenFOAM.org                      |
|    \\/     M anipulation  |                                                 |
\*---------------------------------------------------------------------------*/
FoamFile
{
    version     2.0;
    format      ascii;
    class       volScalarField;
    location    "50";
    object      p;
}
// * * * * * * * * * * * * * * * * * * * * * * * * * * * * * * * * * * * * * //

dimensions      [0 2 -2 0 0 0 0];

internalField   nonuniform List<scalar> 
12225
(
9.47958
6.77729
5.9348
5.70333
5.55005
5.42262
5.32601
5.2528
5.19515
5.14999
5.11679
5.09625
5.08969
5.09958
5.1297
5.18626
5.2793
5.49922
5.69104
5.33865
5.23302
5.28644
5.29024
5.25509
5.21385
5.17538
5.14042
5.11048
5.08767
5.07429
5.07262
5.08573
5.11759
5.17341
5.25558
5.32494
5.84374
6.00118
5.80454
5.6778
5.56502
5.4529
5.3572
5.27997
5.21736
5.16729
5.12949
5.1045
5.0934
5.09821
5.1218
5.16763
5.23748
5.31879
5.92784
5.94134
5.67394
5.51348
5.4121
5.32432
5.25143
5.19344
5.14665
5.10918
5.08105
5.06305
5.05649
5.06326
5.08588
5.12699
5.18879
5.26747
5.89087
5.84419
5.63698
5.50807
5.42554
5.34926
5.28047
5.22203
5.17264
5.13148
5.09894
5.07589
5.06345
5.0631
5.07659
5.10569
5.15221
5.21556
5.81583
5.76765
5.61219
5.49607
5.41306
5.33654
5.26701
5.20731
5.15666
5.11424
5.08012
5.05479
5.03891
5.03332
5.03894
5.0565
5.08658
5.12817
5.74904
5.70914
5.58692
5.48016
5.39832
5.32441
5.2572
5.19856
5.14802
5.10482
5.06889
5.04041
5.0197
5.007
5.00241
5.00555
5.01558
5.0299
5.69611
5.66135
5.55938
5.46201
5.38328
5.31208
5.24675
5.18866
5.1376
5.09302
5.05475
5.02277
4.99704
4.97734
4.96309
4.95306
4.94514
4.93591
5.65087
5.61967
5.53313
5.44455
5.3692
5.30043
5.23666
5.17898
5.12737
5.08142
5.04085
5.00548
4.97494
4.94867
4.9255
4.9036
4.88001
4.85095
5.60339
5.57575
5.50336
5.42394
5.35256
5.28641
5.2243
5.16703
5.11473
5.06708
5.0237
4.98421
4.94797
4.91401
4.88081
4.84588
4.80591
4.75707
5.55437
5.53037
5.47024
5.39988
5.33304
5.26973
5.20936
5.15249
5.09935
5.04965
5.00298
4.95871
4.916
4.87366
4.82966
4.78155
4.72569
4.65894
5.5046
5.48409
5.43418
5.37243
5.31049
5.2502
5.19155
5.13506
5.0809
5.02892
4.97852
4.92905
4.87948
4.8284
4.77382
4.71315
4.64337
4.56168
5.45504
5.43767
5.39605
5.34206
5.28509
5.22784
5.17089
5.11466
5.05945
5.00495
4.95076
4.89595
4.83967
4.78028
4.71616
4.64482
4.56407
4.47186
5.40693
5.39221
5.35709
5.30974
5.25745
5.20314
5.14773
5.09178
5.03543
4.97862
4.92073
4.86119
4.79884
4.73269
4.66088
4.58209
4.49414
4.3966
5.36192
5.34926
5.31907
5.27704
5.22885
5.17719
5.1232
5.06747
5.01024
4.95145
4.8907
4.82741
4.76083
4.68997
4.61379
4.53116
4.44111
4.34322
5.32232
5.31118
5.28446
5.24642
5.20146
5.15202
5.09926
5.04387
4.98618
4.92624
4.86386
4.79863
4.73013
4.6577
4.58086
4.49891
4.41157
4.31878
5.29156
5.28138
5.25685
5.2214
5.17863
5.13081
5.07906
5.02422
4.96669
4.90676
4.84439
4.77951
4.71193
4.64141
4.56783
4.49093
4.41081
4.32767
5.27605
5.26617
5.24252
5.20792
5.16611
5.11887
5.06785
5.01349
4.95688
4.89788
4.83728
4.7746
4.71054
4.64448
4.57718
4.50799
4.43786
4.36649
5.27775
5.26773
5.24352
5.20835
5.16572
5.11818
5.0668
5.0129
4.95674
4.89933
4.8405
4.78107
4.72065
4.66006
4.59881
4.53777
4.47643
4.41602
5.29262
5.28208
5.25643
5.21909
5.17452
5.12536
5.07319
5.01874
4.96306
4.90644
4.84961
4.79255
4.73593
4.67957
4.62412
4.56927
4.51572
4.46329
5.31702
5.30589
5.27782
5.23694
5.1891
5.13759
5.0837
5.02835
4.97231
4.91618
4.86045
4.80536
4.75137
4.69853
4.64724
4.59745
4.54944
4.5033
5.34818
5.3369
5.30541
5.25923
5.20708
5.15264
5.09666
5.03988
4.98312
4.92708
4.87197
4.81837
4.76621
4.71618
4.66791
4.62222
4.5784
4.5374
5.38378
5.37379
5.33738
5.2836
5.22615
5.16833
5.10976
5.05105
4.99313
4.9365
4.88148
4.82831
4.77734
4.72863
4.68262
4.63911
4.59859
4.56039
5.42166
5.41608
5.37268
5.30925
5.24641
5.18528
5.12408
5.06363
5.00482
4.94793
4.89308
4.84047
4.79033
4.74284
4.69817
4.65662
4.6181
4.58305
5.46041
5.46327
5.40596
5.33058
5.26339
5.19858
5.13337
5.06974
5.00879
4.95046
4.89475
4.84178
4.79168
4.7446
4.70065
4.65998
4.62264
4.58866
5.50254
5.53098
5.44373
5.3528
5.28662
5.22364
5.15899
5.09573
5.03493
4.97635
4.92011
4.86646
4.81567
4.7679
4.72326
4.68197
4.64434
4.61104
5.50803
5.62203
5.48078
5.34762
5.26122
5.18627
5.11599
5.05181
4.99274
4.93691
4.88396
4.83383
4.78653
4.74223
4.70065
4.66207
4.62673
4.59496
5.41033
5.74074
5.66352
5.55886
5.46424
5.36451
5.26882
5.18225
5.10362
5.031
4.96379
4.90164
4.84442
4.79167
4.74298
4.69821
4.65757
4.6217
5.11138
5.04556
5.01145
5.0824
5.11271
5.09672
5.06308
5.02339
4.97991
4.93384
4.88689
4.84043
4.79542
4.75225
4.71102
4.67187
4.6349
4.59895
8.80566
6.6111
5.81172
5.58939
5.45175
5.32865
5.22652
5.14154
5.06685
4.99871
4.93589
4.87785
4.82424
4.77458
4.72842
4.68533
4.64478
4.60201
5.08545
4.96151
4.79304
4.59363
4.36476
4.1146
3.85051
3.57919
3.30593
3.03582
2.77253
2.51996
2.28053
2.05719
1.85146
1.66588
1.5019
1.36251
1.24976
1.16677
1.1152
1.09718
1.11348
1.1657
1.25513
1.38436
1.55554
1.77079
2.03042
2.33401
2.68015
3.06714
3.49233
3.95274
4.44458
4.9637
5.50537
6.0646
6.63618
7.21504
7.79633
8.37573
8.94931
9.51383
10.0663
10.6046
11.1266
11.6308
12.1155
12.5797
13.022
13.4417
13.8384
14.2124
14.5641
14.8939
15.2021
15.4891
15.7556
16.003
16.2328
16.448
16.652
16.846
17.029
17.2007
17.3609
17.51
17.6482
17.776
17.8935
18.0014
18.0998
18.1893
18.27
18.3426
18.4071
18.4642
18.5142
18.5574
18.5943
18.6255
18.6511
18.6719
18.688
18.7
18.7082
18.713
18.7147
18.7136
18.71
18.7042
18.696
18.6856
18.6731
18.6584
18.6415
18.6223
18.6008
18.5772
18.5516
18.5244
18.4959
18.4665
18.4366
18.4068
18.3774
18.3489
18.3216
18.2958
18.2717
18.2494
18.2289
18.2102
18.1931
18.1776
18.1633
18.1503
18.1381
18.1266
18.1157
18.1053
18.0951
18.0852
18.0754
18.0658
18.0563
18.0468
18.0374
18.0278
18.0182
18.0084
17.9984
17.9879
17.9768
17.9651
17.9526
17.9397
17.9263
17.9125
17.8983
17.8839
17.8693
17.8549
17.8408
17.8272
17.8143
17.8023
17.7915
17.7818
17.7732
17.7654
17.7582
17.7514
17.7446
17.7376
17.7301
17.7219
17.713
17.7034
17.693
17.6822
17.6711
17.6601
17.6495
17.6399
17.6319
17.626
17.623
17.6239
17.6298
17.6421
17.6626
17.6941
17.74
17.8058
17.8999
18.0355
18.2404
18.5344
5.00439
4.88178
4.72125
4.52901
4.30655
4.06135
3.8012
3.53306
3.26257
2.99478
2.73348
2.48229
2.24368
2.02034
1.8139
1.62662
1.46004
1.31666
1.19854
1.10857
1.04888
1.02186
1.02896
1.07193
1.15232
1.2724
1.43433
1.63999
1.88995
2.18398
2.52097
2.89932
3.31658
3.76977
4.25517
4.76855
5.30515
5.85993
6.42769
7.0034
7.58233
8.16032
8.73368
9.29938
9.85466
10.3972
10.9245
11.4345
11.9248
12.3934
12.8387
13.2597
13.6559
14.0283
14.3783
14.7074
15.0172
15.3088
15.584
15.8425
16.0833
16.3069
16.5152
16.711
16.8958
17.0698
17.2329
17.3853
17.5271
17.6587
17.7802
17.8921
17.9945
18.088
18.1728
18.2492
18.3176
18.3785
18.4321
18.479
18.5194
18.5539
18.5829
18.6068
18.626
18.6411
18.6522
18.6598
18.6641
18.6657
18.6647
18.6612
18.6553
18.6472
18.6368
18.6241
18.609
18.5916
18.5718
18.5497
18.5256
18.4998
18.4726
18.4445
18.416
18.3874
18.3593
18.332
18.3059
18.2813
18.2582
18.2369
18.2174
18.1995
18.1832
18.1684
18.1548
18.1423
18.1306
18.1196
18.1091
18.0991
18.0893
18.0797
18.0703
18.061
18.0518
18.0427
18.0335
18.0242
18.0147
18.0052
17.9953
17.985
17.974
17.9624
17.9501
17.9373
17.924
17.9104
17.8964
17.8822
17.8678
17.8535
17.8395
17.826
17.8133
17.8015
17.7908
17.7812
17.7727
17.765
17.7579
17.7511
17.7443
17.7373
17.7297
17.7215
17.7124
17.7027
17.6922
17.6813
17.67
17.6589
17.6483
17.6386
17.6305
17.6245
17.6215
17.6223
17.628
17.6401
17.6603
17.6911
17.7361
17.8004
17.8917
18.0219
18.2128
18.4508
4.59493
4.47816
4.33257
4.16191
3.96499
3.74612
3.51189
3.26861
3.02145
2.77505
2.5329
2.29828
2.07352
1.86116
1.66291
1.48109
1.3174
1.17438
1.0542
0.95985
0.893849
0.859123
0.857894
0.892536
0.96508
1.07791
1.23315
1.43279
1.67771
1.96787
2.30229
2.67937
3.09663
3.55092
4.03831
4.55429
5.09377
5.65143
6.22185
6.79994
7.381
7.96109
8.53681
9.10539
9.66429
10.2111
10.743
11.2571
11.7502
12.2198
12.6637
13.0814
13.4732
13.8409
14.1875
14.5156
14.8268
15.1215
15.4
15.6625
15.9092
16.1408
16.3584
16.563
16.7554
16.9361
17.1052
17.2632
17.4103
17.5467
17.6729
17.7892
17.8959
17.9933
18.0819
18.162
18.234
18.2982
18.3551
18.405
18.4484
18.4858
18.5176
18.5442
18.5661
18.5836
18.5972
18.6072
18.6138
18.6175
18.6186
18.6172
18.6133
18.607
18.5984
18.5873
18.5738
18.5578
18.5393
18.5185
18.4957
18.4711
18.4451
18.4182
18.3909
18.3636
18.3367
18.3107
18.2859
18.2624
18.2405
18.2203
18.2017
18.1847
18.1692
18.1551
18.1421
18.13
18.1188
18.1082
18.0982
18.0885
18.0791
18.07
18.061
18.0521
18.0433
18.0345
18.0256
18.0167
18.0076
17.9982
17.9886
17.9785
17.9677
17.9563
17.9443
17.9317
17.9187
17.9054
17.8917
17.8778
17.8637
17.8498
17.8361
17.8229
17.8105
17.799
17.7887
17.7794
17.7711
17.7636
17.7567
17.7499
17.7431
17.7359
17.7282
17.7198
17.7106
17.7006
17.6899
17.6787
17.6673
17.656
17.6453
17.6355
17.6272
17.6211
17.6179
17.6183
17.6235
17.6348
17.6538
17.6829
17.7251
17.7848
17.8686
17.9847
18.1452
18.3221
4.05934
3.95841
3.83222
3.6841
3.5136
3.3227
3.11648
2.90018
2.67817
2.45436
2.23175
2.01325
1.80098
1.59743
1.40444
1.22454
1.05976
0.913
0.786835
0.684679
0.609562
0.565039
0.554028
0.57961
0.644357
0.751033
0.902029
1.09957
1.3448
1.63783
1.97762
2.36238
2.78932
3.25489
3.75465
4.28356
4.83603
5.40632
5.98874
6.57805
7.16959
7.75954
8.34468
8.92226
9.48949
10.0435
10.5811
11.0987
11.5929
12.0611
12.5022
12.9171
13.3079
13.6777
14.0291
14.363
14.6798
14.9797
15.2632
15.5307
15.7826
16.0196
16.2425
16.4519
16.6485
16.8328
17.0052
17.1661
17.3159
17.455
17.5837
17.7024
17.8115
17.9113
18.0022
18.0846
18.1588
18.2252
18.2842
18.3363
18.3818
18.4212
18.4551
18.4837
18.5076
18.5272
18.5427
18.5545
18.5631
18.5686
18.5715
18.5718
18.5697
18.565
18.5579
18.5484
18.5362
18.5215
18.5043
18.4847
18.4631
18.4397
18.415
18.3895
18.3635
18.3376
18.3122
18.2876
18.2641
18.242
18.2213
18.2022
18.1847
18.1686
18.1539
18.1404
18.128
18.1165
18.1057
18.0956
18.086
18.0767
18.0678
18.0591
18.0506
18.0422
18.0338
18.0254
18.0169
18.0082
17.9994
17.9904
17.981
17.9712
17.9606
17.9495
17.9378
17.9255
17.9129
17.9
17.8866
17.8731
17.8594
17.8458
17.8325
17.8198
17.8077
17.7967
17.7867
17.7777
17.7697
17.7624
17.7555
17.7487
17.7418
17.7344
17.7264
17.7177
17.7081
17.6978
17.6868
17.6753
17.6636
17.6522
17.6412
17.6313
17.6229
17.6166
17.6131
17.6131
17.6176
17.6277
17.645
17.6715
17.7096
17.7631
17.8364
17.9343
18.061
18.187
3.49663
3.40752
3.29355
3.16027
3.00903
2.83998
2.65663
2.46292
2.26218
2.05739
1.85089
1.64507
1.44185
1.2436
1.05231
0.870698
0.701188
0.547118
0.411568
0.298551
0.211727
0.155358
0.133059
0.148602
0.205171
0.30617
0.454591
0.653106
0.903116
1.20477
1.55682
1.95699
2.40189
2.88721
3.40773
3.95765
4.53074
5.12081
5.72192
6.32875
6.93671
7.54202
8.14136
8.73166
9.30966
9.8719
10.4146
10.9344
11.4282
11.8947
12.3347
12.7509
13.1467
13.524
13.8829
14.2237
14.5467
14.8523
15.1411
15.4135
15.6702
15.9117
16.1387
16.3519
16.5519
16.7392
16.9143
17.0777
17.2298
17.371
17.5019
17.6226
17.7337
17.8355
17.9284
18.0127
18.0888
18.1571
18.218
18.2719
18.3192
18.3605
18.3962
18.4266
18.4523
18.4737
18.4909
18.5045
18.5147
18.5219
18.5264
18.5283
18.5276
18.5245
18.5188
18.5105
18.4996
18.4861
18.47
18.4517
18.4312
18.4091
18.3857
18.3615
18.337
18.3125
18.2885
18.2653
18.2432
18.2224
18.2029
18.1849
18.1682
18.1529
18.1389
18.126
18.114
18.103
18.0926
18.0829
18.0737
18.0649
18.0564
18.0481
18.04
18.032
18.024
18.016
18.0078
17.9995
17.991
17.9823
17.9732
17.9635
17.9533
17.9425
17.9311
17.9193
17.9071
17.8945
17.8816
17.8685
17.8552
17.842
17.8291
17.8168
17.8052
17.7946
17.785
17.7763
17.7685
17.7613
17.7544
17.7475
17.7403
17.7326
17.7242
17.715
17.705
17.6942
17.6828
17.6711
17.6592
17.6475
17.6364
17.6264
17.6178
17.6113
17.6074
17.6068
17.6104
17.6191
17.6342
17.6574
17.6906
17.7366
17.7979
17.8766
17.9712
18.0551
2.92326
2.84355
2.73785
2.61472
2.47735
2.32449
2.15815
1.98101
1.79535
1.60327
1.40649
1.20695
1.0064
0.807148
0.61133
0.421926
0.241739
0.0745871
-0.0758511
-0.204873
-0.308064
-0.380356
-0.417375
-0.4146
-0.36812
-0.273656
-0.127317
0.0743428
0.333072
0.648902
1.02008
1.44357
1.91496
2.42884
2.97887
3.55829
4.1601
4.77761
5.40461
6.0357
6.66621
7.29212
7.90974
8.51548
9.10557
9.67621
10.2239
10.746
11.2412
11.7101
12.1549
12.5792
12.9844
13.3702
13.7368
14.0846
14.414
14.7256
15.0198
15.2972
15.5585
15.8044
16.0354
16.2523
16.4556
16.6459
16.8237
16.9897
17.1442
17.2877
17.4207
17.5436
17.6567
17.7605
17.8553
17.9415
18.0195
18.0896
18.1523
18.208
18.2572
18.3003
18.3377
18.3699
18.3974
18.4204
18.4394
18.4547
18.4665
18.4753
18.4813
18.4847
18.4855
18.4837
18.4794
18.4724
18.4627
18.4505
18.4357
18.4185
18.3994
18.3786
18.3567
18.3339
18.3109
18.2879
18.2654
18.2437
18.2229
18.2033
18.185
18.168
18.1522
18.1376
18.1242
18.1118
18.1004
18.0897
18.0798
18.0705
18.0617
18.0534
18.0453
18.0375
18.0298
18.0222
18.0146
18.0069
17.9991
17.9911
17.983
17.9746
17.9658
17.9565
17.9466
17.9361
17.9252
17.9138
17.902
17.8898
17.8773
17.8645
17.8516
17.8389
17.8264
17.8145
17.8034
17.7932
17.784
17.7756
17.768
17.7607
17.7537
17.7465
17.7389
17.7307
17.7218
17.712
17.7015
17.6903
17.6786
17.6665
17.6544
17.6426
17.6314
17.6213
17.6126
17.6058
17.6015
17.6001
17.6025
17.6094
17.622
17.6413
17.6691
17.7068
17.7558
17.8156
17.8817
17.9308
2.35041
2.27917
2.17982
2.06368
1.93564
1.79345
1.63781
1.47026
1.29225
1.10511
0.910122
0.708864
0.502972
0.294744
0.0865103
-0.118512
-0.317089
-0.504882
-0.677556
-0.829603
-0.955718
-1.04989
-1.10683
-1.12115
-1.08798
-1.00189
-0.857685
-0.650871
-0.379336
-0.0433672
0.354436
0.809841
1.31699
1.86896
2.45801
3.07619
3.71562
4.36902
5.02976
5.6921
6.35099
7.00194
7.6407
8.26327
8.86583
9.44517
9.99898
10.5264
11.0281
11.5063
11.9627
12.3986
12.8137
13.2084
13.583
13.938
14.2741
14.5917
14.8915
15.1743
15.4405
15.6909
15.9262
16.147
16.3539
16.5476
16.7286
16.8974
17.0547
17.2008
17.3363
17.4616
17.577
17.683
17.78
17.8683
17.9483
18.0205
18.0852
18.1428
18.1939
18.2389
18.2782
18.3123
18.3415
18.3663
18.3871
18.404
18.4175
18.4279
18.4355
18.4403
18.4426
18.4422
18.4392
18.4336
18.4252
18.4143
18.4008
18.3851
18.3674
18.3481
18.3276
18.3064
18.2849
18.2635
18.2425
18.2222
18.2028
18.1844
18.1672
18.1511
18.1361
18.1223
18.1095
18.0977
18.0867
18.0765
18.0671
18.0582
18.0499
18.042
18.0344
18.027
18.0197
18.0125
18.0053
17.998
17.9906
17.983
17.9753
17.9673
17.9588
17.9499
17.9404
17.9304
17.9199
17.9089
17.8975
17.8857
17.8735
17.8611
17.8486
17.8363
17.8243
17.8129
17.8022
17.7924
17.7835
17.7754
17.7678
17.7604
17.7531
17.7455
17.7374
17.7286
17.7191
17.7089
17.6979
17.6862
17.6741
17.6619
17.6496
17.6377
17.6265
17.6162
17.6073
17.6002
17.5953
17.593
17.594
17.599
17.6086
17.6239
17.6457
17.675
17.7117
17.754
17.7952
17.8162
1.79233
1.72804
1.6327
1.5202
1.39671
1.25922
1.10732
0.941597
0.762813
0.571747
0.369332
0.156911
-0.0638939
-0.290795
-0.521246
-0.751729
-0.978564
-1.19683
-1.40138
-1.58577
-1.74362
-1.86781
-1.95194
-1.98948
-1.97417
-1.89889
-1.75672
-1.54194
-1.25221
-0.888508
-0.454714
0.0432176
0.597458
1.19916
1.83882
2.50702
3.19471
3.8937
4.59663
5.29707
5.98933
6.66843
7.32993
7.97022
8.58647
9.17697
9.74138
10.2804
10.7959
11.2887
11.7585
12.2057
12.631
13.0347
13.4175
13.78
14.1229
14.4469
14.7526
15.0409
15.3123
15.5676
15.8075
16.0326
16.2435
16.441
16.6256
16.7979
16.9583
17.1075
17.2459
17.374
17.4921
17.6007
17.7002
17.791
17.8733
17.9478
18.0147
18.0745
18.1278
18.1748
18.2162
18.2522
18.2834
18.3102
18.3327
18.3514
18.3666
18.3787
18.3879
18.3943
18.398
18.3991
18.3976
18.3933
18.3864
18.3769
18.3649
18.3507
18.3345
18.3168
18.298
18.2784
18.2585
18.2387
18.2192
18.2004
18.1823
18.1651
18.1489
18.1338
18.1197
18.1066
18.0944
18.0832
18.0728
18.0631
18.0542
18.0458
18.0379
18.0305
18.0234
18.0165
18.0097
18.0029
17.9961
17.9893
17.9823
17.9752
17.968
17.9603
17.9523
17.9437
17.9347
17.9251
17.915
17.9044
17.8934
17.8819
17.8701
17.8581
17.8461
17.8342
17.8227
17.8117
17.8015
17.7922
17.7835
17.7755
17.7678
17.7603
17.7526
17.7445
17.7358
17.7264
17.7163
17.7055
17.694
17.682
17.6697
17.6572
17.6449
17.6329
17.6216
17.6113
17.6022
17.5947
17.5891
17.5858
17.5853
17.588
17.5945
17.6055
17.6213
17.6422
17.6672
17.6934
17.7135
17.7117
1.2617
1.2027
1.1091
0.996923
0.873092
0.734037
0.578473
0.40625
0.217635
0.0129775
-0.206959
-0.441027
-0.68762
-0.944373
-1.20851
-1.47625
-1.74333
-2.00413
-2.25255
-2.48099
-2.68178
-2.8465
-2.96742
-3.03641
-3.04517
-2.98404
-2.84373
-2.61737
-2.30266
-1.90162
-1.41999
-0.866076
-0.250289
0.415959
1.12077
1.8527
2.60093
3.35588
4.10907
4.85328
5.58249
6.29199
6.97818
7.63903
8.2735
8.88141
9.46408
10.0218
10.5539
11.061
11.5434
12.0018
12.437
12.8497
13.2406
13.6106
13.9604
14.2908
14.6026
14.8965
15.1733
15.4337
15.6784
15.9081
16.1234
16.3251
16.5136
16.6897
16.8538
17.0065
17.1483
17.2796
17.4008
17.5125
17.6148
17.7084
17.7935
17.8705
17.94
18.0023
18.058
18.1073
18.151
18.1892
18.2226
18.2513
18.2759
18.2965
18.3135
18.3273
18.3382
18.3463
18.3516
18.3542
18.3542
18.3515
18.3461
18.3381
18.3277
18.3151
18.3006
18.2845
18.2674
18.2495
18.2313
18.2131
18.1952
18.1777
18.161
18.145
18.1299
18.1158
18.1025
18.0902
18.0787
18.0681
18.0583
18.0492
18.0408
18.033
18.0257
18.0188
18.0122
18.0058
17.9994
17.9932
17.9869
17.9806
17.9742
17.9677
17.9609
17.9537
17.9461
17.938
17.9293
17.9202
17.9105
17.9003
17.8896
17.8785
17.8671
17.8554
17.8438
17.8324
17.8214
17.811
17.8013
17.7922
17.7838
17.7758
17.768
17.7601
17.7519
17.7433
17.734
17.724
17.7134
17.702
17.6901
17.6778
17.6653
17.6527
17.6403
17.6284
17.617
17.6066
17.5972
17.5893
17.5829
17.5785
17.5763
17.5767
17.58
17.5866
17.5965
17.6092
17.6232
17.6351
17.6371
17.6169
0.77195
0.717071
0.62378
0.509209
0.380398
0.233502
0.0667576
-0.120478
-0.328252
-0.556487
-0.8046
-1.07156
-1.3557
-1.65466
-1.96545
-2.2839
-2.60519
-2.92282
-3.22947
-3.51615
-3.77364
-3.99204
-4.16203
-4.27341
-4.31484
-4.27296
-4.13512
-3.89333
-3.54561
-3.09542
-2.551
-1.92389
-1.22814
-0.478858
0.308532
1.11954
1.94093
2.76138
3.5716
4.36427
5.1343
5.87867
6.59521
7.28385
7.9452
8.57824
9.18246
9.7583
10.3062
10.8271
11.3216
11.7907
12.2355
12.6568
13.0555
13.4327
13.7892
14.1258
14.4435
14.743
15.0251
15.2906
15.5402
15.7746
15.9944
16.2004
16.3932
16.5733
16.7414
16.8979
17.0434
17.1782
17.3029
17.4179
17.5235
17.6202
17.7084
17.7884
17.8607
17.9258
17.9842
18.0362
18.0823
18.123
18.1587
18.1897
18.2164
18.2391
18.2581
18.2738
18.2864
18.2962
18.3032
18.3074
18.309
18.308
18.3042
18.2979
18.2891
18.2782
18.2654
18.2511
18.2357
18.2196
18.2031
18.1865
18.1701
18.1541
18.1387
18.124
18.11
18.0968
18.0845
18.073
18.0623
18.0524
18.0432
18.0348
18.027
18.0198
18.013
18.0067
18.0006
17.9948
17.9891
17.9834
17.9777
17.972
17.9662
17.9603
17.954
17.9473
17.9401
17.9324
17.9242
17.9154
17.9061
17.8963
17.8859
17.8752
17.8641
17.853
17.8418
17.831
17.8205
17.8106
17.8013
17.7926
17.7843
17.7763
17.7682
17.7599
17.7512
17.742
17.7321
17.7215
17.7103
17.6985
17.6863
17.6737
17.6611
17.6485
17.6361
17.6241
17.6128
17.6022
17.5925
17.584
17.5769
17.5712
17.5673
17.5654
17.5655
17.5676
17.5716
17.5766
17.5805
17.5796
17.5665
17.5313
0.340609
0.289669
0.196493
0.0776345
-0.0603005
-0.220959
-0.406112
-0.616601
-0.85264
-1.11437
-1.40127
-1.71245
-2.04631
-2.40041
-2.7716
-3.15542
-3.54634
-3.93684
-4.31811
-4.67947
-5.00992
-5.29796
-5.53244
-5.70048
-5.78642
-5.77163
-5.639
-5.37863
-4.98898
-4.4754
-3.84966
-3.12816
-2.33041
-1.47709
-0.588757
0.316243
1.22225
2.1168
2.99126
3.8397
4.65863
5.44749
6.20489
6.92891
7.61942
8.27681
8.90173
9.49514
10.0582
10.592
11.0979
11.577
12.0307
12.46
12.8661
13.25
13.6127
13.9553
14.2785
14.5834
14.8706
15.141
15.3954
15.6344
15.8587
16.0691
16.2661
16.4504
16.6225
16.7829
16.9322
17.0708
17.1991
17.3177
17.4268
17.5269
17.6183
17.7016
17.7771
17.8452
17.9065
17.9614
18.0103
18.0537
18.0919
18.1254
18.1545
18.1793
18.2004
18.2181
18.2327
18.2443
18.253
18.2591
18.2624
18.263
18.261
18.2564
18.2494
18.2402
18.2292
18.2167
18.2031
18.1887
18.1739
18.159
18.1441
18.1296
18.1155
18.102
18.0891
18.077
18.0656
18.055
18.0451
18.0359
18.0275
18.0198
18.0126
18.0061
18
17.9942
17.9888
17.9836
17.9785
17.9735
17.9685
17.9635
17.9583
17.9529
17.9471
17.9409
17.9342
17.9269
17.9191
17.9107
17.9018
17.8923
17.8823
17.8719
17.8614
17.8507
17.8401
17.8298
17.8199
17.8105
17.8016
17.7932
17.7849
17.7767
17.7684
17.7596
17.7504
17.7405
17.73
17.7189
17.7072
17.695
17.6825
17.6698
17.6571
17.6445
17.6322
17.6202
17.6088
17.5981
17.5881
17.5791
17.571
17.5641
17.5585
17.5541
17.5509
17.5488
17.5472
17.5448
17.5395
17.5274
17.5014
17.454
-0.00849571
-0.0548376
-0.146954
-0.27105
-0.421486
-0.601068
-0.811054
-1.05222
-1.32479
-1.62902
-1.96456
-2.33062
-2.72565
-3.14732
-3.59238
-4.05606
-4.53223
-5.01218
-5.48535
-5.93907
-6.36041
-6.73631
-7.0537
-7.2964
-7.44279
-7.46633
-7.34412
-7.06349
-6.62269
-6.02951
-5.3011
-4.46169
-3.539
-2.56116
-1.5551
-0.542635
0.459749
1.43953
2.39
3.30752
4.18739
5.0268
5.8255
6.58381
7.30271
7.98359
8.62807
9.23788
9.81477
10.3605
10.8766
11.3648
11.8265
12.263
12.6758
13.0658
13.4344
13.7824
14.1108
14.4207
14.7127
14.9878
15.2467
15.4902
15.7188
15.9334
16.1346
16.3229
16.499
16.6633
16.8165
16.9588
17.0909
17.2131
17.3257
17.4293
17.5242
17.6108
17.6896
17.761
17.8254
17.8834
17.9353
17.9815
18.0225
18.0587
18.0902
18.1175
18.1409
18.1607
18.1773
18.1909
18.2015
18.2094
18.2146
18.217
18.2167
18.2139
18.2087
18.2014
18.1922
18.1815
18.1697
18.1571
18.144
18.1306
18.1173
18.1042
18.0915
18.0792
18.0675
18.0564
18.046
18.0363
18.0273
18.0189
18.0113
18.0042
17.9978
17.9919
17.9865
17.9815
17.9767
17.9722
17.9678
17.9635
17.9592
17.9549
17.9504
17.9456
17.9403
17.9346
17.9283
17.9214
17.914
17.906
17.8974
17.8883
17.8787
17.8688
17.8587
17.8485
17.8385
17.8289
17.8196
17.8107
17.8021
17.7938
17.7856
17.7771
17.7684
17.7592
17.7494
17.7389
17.7278
17.7162
17.7041
17.6916
17.679
17.6662
17.6535
17.6409
17.6286
17.6167
17.6053
17.5944
17.5841
17.5744
17.5655
17.5573
17.5499
17.5431
17.5368
17.5305
17.5235
17.5143
17.5006
17.4786
17.4417
17.3845
-0.245485
-0.285671
-0.374818
-0.504193
-0.669523
-0.87207
-1.11206
-1.38989
-1.70568
-2.05978
-2.45187
-2.8814
-3.347
-3.84642
-4.37647
-4.93231
-5.50713
-6.09101
-6.67151
-7.23386
-7.76322
-8.24531
-8.66529
-9.00271
-9.22821
-9.305
-9.20117
-8.89972
-8.39862
-7.70913
-6.85685
-5.87838
-4.81202
-3.69314
-2.55497
-1.42176
-0.307949
0.773426
1.81124
2.80085
3.74015
4.62863
5.4673
6.25803
7.00321
7.70545
8.36739
8.9916
9.58052
10.1364
10.6614
11.1573
11.6259
12.0688
12.4874
12.8829
13.2567
13.6096
13.9429
14.2574
14.5539
14.8334
15.0966
15.3443
15.5771
15.7957
16.0009
16.1932
16.3731
16.5412
16.6981
16.8442
16.9799
17.1056
17.2218
17.3289
17.4272
17.5173
17.5994
17.674
17.7417
17.8028
17.8578
17.907
17.9509
17.9899
18.0241
18.0539
18.0797
18.1019
18.1206
18.1363
18.149
18.1588
18.1659
18.1702
18.1718
18.1708
18.1675
18.162
18.1546
18.1458
18.1358
18.1249
18.1135
18.1017
18.0899
18.0783
18.0669
18.0558
18.0453
18.0353
18.0259
18.0171
18.0089
18.0014
17.9946
17.9883
17.9827
17.9775
17.9728
17.9685
17.9645
17.9607
17.9571
17.9535
17.95
17.9464
17.9425
17.9383
17.9335
17.9282
17.9224
17.9159
17.9089
17.9013
17.893
17.8843
17.8751
17.8657
17.8561
17.8466
17.8372
17.8282
17.8194
17.811
17.8027
17.7945
17.7862
17.7775
17.7683
17.7586
17.7482
17.7372
17.7256
17.7135
17.7011
17.6884
17.6756
17.6628
17.6502
17.6377
17.6255
17.6136
17.6021
17.591
17.5804
17.5701
17.5603
17.5508
17.5416
17.5324
17.523
17.5127
17.5007
17.4853
17.4641
17.4334
17.3873
17.322
-0.335884
-0.367861
-0.451902
-0.586011
-0.767636
-0.995822
-1.26928
-1.58774
-1.95106
-2.35952
-2.81298
-3.31102
-3.85247
-4.43533
-5.05653
-5.71112
-6.39178
-7.08749
-7.78414
-8.46526
-9.11486
-9.71795
-10.258
-10.7089
-11.029
-11.1687
-11.087
-10.7619
-10.1925
-9.39578
-8.40823
-7.28287
-6.06809
-4.80186
-3.51898
-2.25181
-1.02148
0.158938
1.28063
2.33952
3.33488
4.26826
5.14258
5.9615
6.72896
7.44888
8.12498
8.76069
9.35912
9.92306
10.455
10.9571
11.4314
11.8795
12.303
12.7033
13.0815
13.439
13.7765
14.0953
14.396
14.6796
14.9468
15.1985
15.4352
15.6578
15.8667
16.0628
16.2464
16.4182
16.5787
16.7284
16.8676
16.9968
17.1165
17.227
17.3287
17.4221
17.5075
17.5854
17.6563
17.7205
17.7786
17.8309
17.8778
17.9195
17.9565
17.989
18.0173
18.0419
18.063
18.0808
18.0956
18.1075
18.1166
18.1228
18.1264
18.1273
18.1259
18.1223
18.1168
18.1098
18.1016
18.0925
18.0827
18.0726
18.0623
18.052
18.0419
18.0322
18.0228
18.0138
18.0054
17.9976
17.9904
17.9837
17.9777
17.9723
17.9674
17.963
17.9591
17.9556
17.9523
17.9493
17.9464
17.9437
17.9409
17.9379
17.9347
17.931
17.9267
17.9219
17.9164
17.9104
17.9037
17.8964
17.8886
17.8803
17.8716
17.8627
17.8537
17.8448
17.8361
17.8277
17.8195
17.8115
17.8035
17.7953
17.7867
17.7777
17.7681
17.7579
17.7469
17.7354
17.7234
17.711
17.6983
17.6855
17.6726
17.6599
17.6473
17.635
17.6228
17.611
17.5995
17.5882
17.5771
17.5662
17.5555
17.5447
17.5338
17.5223
17.5099
17.4959
17.4791
17.4579
17.43
17.3918
17.3379
17.2659
-0.243641
-0.265345
-0.342363
-0.480296
-0.678648
-0.933857
-1.24269
-1.60383
-2.01659
-2.48101
-2.99689
-3.56398
-4.18133
-4.84708
-5.55828
-6.30989
-7.09417
-7.89945
-8.71076
-9.51081
-10.2827
-11.0102
-11.6721
-12.2336
-12.6393
-12.8282
-12.7578
-12.4086
-11.783
-10.9035
-9.80882
-8.55317
-7.19589
-5.78769
-4.37024
-2.97881
-1.63895
-0.366448
0.830497
1.94944
2.99183
3.96153
4.86364
5.70372
6.4873
7.2196
7.90534
8.54873
9.15348
9.72281
10.2595
10.766
11.2444
11.6966
12.124
12.5282
12.9104
13.2717
13.6131
13.9357
14.2403
14.5277
14.7987
15.0541
15.2946
15.5208
15.7334
15.9331
16.1203
16.2956
16.4596
16.6127
16.7553
16.888
17.011
17.1248
17.2298
17.3264
17.415
17.4961
17.5701
17.6375
17.6986
17.7539
17.8037
17.8483
17.888
17.9232
17.9541
17.9811
18.0046
18.0247
18.0417
18.0557
18.0669
18.0751
18.0807
18.0836
18.0841
18.0824
18.0789
18.0738
18.0674
18.06
18.0519
18.0434
18.0346
18.0257
18.017
18.0084
18.0002
17.9923
17.985
17.9781
17.9718
17.966
17.9608
17.9562
17.9521
17.9486
17.9455
17.9427
17.9403
17.9381
17.936
17.934
17.9319
17.9297
17.927
17.9237
17.92
17.9155
17.9105
17.9049
17.8986
17.8916
17.8842
17.8763
17.8682
17.8598
17.8515
17.8433
17.8353
17.8275
17.8198
17.8121
17.8042
17.796
17.7873
17.7779
17.7678
17.757
17.7456
17.7336
17.7212
17.7086
17.6957
17.6829
17.6701
17.6574
17.6449
17.6327
17.6207
17.6089
17.5973
17.5858
17.5743
17.5628
17.5511
17.5391
17.5264
17.5128
17.4975
17.4799
17.4588
17.4325
17.3986
17.3539
17.2934
17.2159
0.0614264
0.0513148
-0.0171111
-0.156876
-0.370143
-0.651107
-0.994545
-1.39789
-1.85959
-2.37909
-2.95583
-3.58916
-4.27784
-5.01982
-5.81186
-6.64849
-7.52169
-8.41942
-9.32627
-10.2247
-11.0971
-11.9251
-12.6839
-13.3321
-13.8103
-14.0523
-14.0153
-13.6774
-13.0349
-12.11
-10.943
-9.58705
-8.1089
-6.57315
-5.03475
-3.53597
-2.10552
-0.759889
0.494008
1.65595
2.73001
3.72251
4.64077
5.49216
6.28365
7.02153
7.71133
8.35786
8.96523
9.53696
10.076
10.585
11.066
11.5209
11.9512
12.3585
12.7439
13.1085
13.4534
13.7795
14.0876
14.3785
14.6531
14.9121
15.1561
15.3858
15.6019
15.8049
15.9955
16.1742
16.3416
16.498
16.6439
16.7798
16.9061
17.0231
17.1313
17.2311
17.3228
17.407
17.484
17.5544
17.6185
17.6767
17.7294
17.7768
17.8193
17.8571
17.8906
17.9201
17.946
17.9684
17.9876
18.0038
18.017
18.0273
18.0349
18.0398
18.0423
18.0426
18.041
18.0378
18.0332
18.0276
18.0212
18.0143
18.007
17.9995
17.9921
17.9848
17.9777
17.9709
17.9646
17.9587
17.9533
17.9484
17.9441
17.9404
17.9372
17.9344
17.9321
17.9302
17.9286
17.9272
17.9259
17.9247
17.9233
17.9216
17.9195
17.9167
17.9134
17.9094
17.9048
17.8995
17.8935
17.887
17.88
17.8726
17.865
17.8573
17.8497
17.8421
17.8348
17.8276
17.8203
17.8129
17.8051
17.7967
17.7877
17.7779
17.7674
17.7561
17.7443
17.7319
17.7193
17.7064
17.6935
17.6806
17.6679
17.6554
17.6431
17.631
17.6191
17.6073
17.5956
17.5839
17.572
17.5599
17.5473
17.534
17.5197
17.504
17.4861
17.4652
17.4401
17.4091
17.3699
17.3196
17.2535
17.1714
0.592019
0.596405
0.540323
0.403656
0.181018
-0.120596
-0.494369
-0.936446
-1.44431
-2.01662
-2.65206
-3.34932
-4.10644
-4.92054
-5.78756
-6.70137
-7.65316
-8.63045
-9.61785
-10.598
-11.5532
-12.4639
-13.303
-14.0258
-14.5684
-14.8615
-14.861
-14.5419
-13.8931
-12.9307
-11.6977
-10.2572
-8.68463
-7.05443
-5.43022
-3.8595
-2.37287
-0.986144
0.295831
1.4756
2.55986
3.55731
4.4771
5.32797
6.11789
6.85378
7.54166
8.18658
8.79282
9.36399
9.90306
10.4126
10.8947
11.3512
11.7836
12.1932
12.5813
12.9488
13.2968
13.6261
13.9375
14.2318
14.5098
14.7721
15.0195
15.2525
15.472
15.6783
15.8722
16.0541
16.2247
16.3844
16.5336
16.6726
16.8021
16.9222
17.0335
17.1363
17.2312
17.3183
17.3984
17.4716
17.5386
17.5996
17.6551
17.7052
17.7504
17.7909
17.8269
17.8589
17.8871
17.9119
17.9333
17.9516
17.9669
17.9793
17.9888
17.9958
18.0003
18.0026
18.003
18.0017
17.999
17.9951
17.9904
17.9851
17.9793
17.9733
17.9672
17.9611
17.9552
17.9496
17.9443
17.9394
17.935
17.9311
17.9277
17.9248
17.9224
17.9206
17.9191
17.918
17.9172
17.9167
17.9162
17.9157
17.915
17.9139
17.9122
17.9099
17.907
17.9034
17.8991
17.8942
17.8887
17.8825
17.876
17.8691
17.8621
17.8551
17.8482
17.8414
17.8346
17.8279
17.821
17.8138
17.806
17.7974
17.7881
17.7779
17.7669
17.7553
17.743
17.7304
17.7175
17.7046
17.6917
17.6789
17.6663
17.654
17.6419
17.6299
17.6181
17.6063
17.5945
17.5825
17.5702
17.5575
17.544
17.5295
17.5137
17.4959
17.4755
17.4516
17.423
17.3878
17.344
17.2888
17.218
17.1321
1.30663
1.32066
1.27082
1.13615
0.908576
0.593363
0.196879
-0.276754
-0.824311
-1.44366
-2.1326
-2.88887
-3.70944
-4.59036
-5.52645
-6.51034
-7.53234
-8.57912
-9.63481
-10.6815
-11.7003
-12.67
-13.5579
-14.3145
-14.8698
-15.1633
-15.1604
-14.8339
-14.1683
-13.1764
-11.902
-10.4139
-8.79419
-7.12407
-5.47152
-3.88559
-2.39557
-1.01478
0.255197
1.41955
2.48729
3.46854
4.37331
5.21091
5.98939
6.71578
7.39592
8.03477
8.63643
9.20434
9.74138
10.2498
10.7317
11.1888
11.6223
12.0337
12.4238
12.7938
13.1445
13.4767
13.7911
14.0886
14.3697
14.6352
14.8857
15.1219
15.3444
15.5539
15.7508
15.9359
16.1095
16.2722
16.4245
16.5667
16.6992
16.8224
16.9367
17.0425
17.1402
17.2303
17.3132
17.3894
17.4591
17.5229
17.581
17.6339
17.6816
17.7247
17.7632
17.7976
17.8283
17.8553
17.8789
17.8993
17.9167
17.9311
17.9427
17.9517
17.9582
17.9625
17.9649
17.9655
17.9647
17.9627
17.9597
17.956
17.9518
17.9472
17.9425
17.9377
17.933
17.9285
17.9243
17.9205
17.917
17.9141
17.9116
17.9096
17.9082
17.9072
17.9066
17.9064
17.9064
17.9067
17.907
17.9073
17.9072
17.9066
17.9053
17.9035
17.901
17.8978
17.8939
17.8893
17.8841
17.8784
17.8724
17.8661
17.8597
17.8534
17.8472
17.841
17.8349
17.8286
17.8219
17.8148
17.8069
17.7982
17.7885
17.7779
17.7665
17.7545
17.742
17.7291
17.7162
17.7032
17.6904
17.6777
17.6653
17.6532
17.6412
17.6294
17.6177
17.6059
17.5939
17.5817
17.569
17.5556
17.5413
17.5257
17.5084
17.4888
17.4661
17.4395
17.4076
17.3688
17.3209
17.2615
17.1867
17.0975
2.13319
2.1693
2.13719
2.01777
1.79927
1.48414
1.07711
0.58222
0.00311268
-0.657056
-1.39506
-2.20737
-3.08974
-4.03692
-5.04243
-6.09768
-7.19165
-8.3099
-9.43515
-10.5488
-11.6314
-12.6593
-13.5961
-14.3816
-14.9409
-15.2205
-15.1901
-14.8241
-14.1085
-13.0587
-11.7239
-10.1805
-8.51917
-6.82674
-5.17332
-3.60552
-2.14799
-0.80809
0.417462
1.53793
2.56467
3.50907
4.38189
5.19216
5.94786
6.6554
7.32027
7.94684
8.53884
9.09925
9.63059
10.135
10.614
11.0693
11.502
11.9133
12.304
12.675
13.027
13.3609
13.6772
13.9766
14.2598
14.5273
14.7799
15.0182
15.2428
15.4544
15.6535
15.8407
16.0165
16.1815
16.336
16.4805
16.6153
16.7408
16.8574
16.9654
17.0654
17.1578
17.2429
17.3212
17.3932
17.4591
17.5194
17.5743
17.6242
17.6693
17.7099
17.7463
17.7789
17.8078
17.8333
17.8555
17.8746
17.8908
17.9041
17.9148
17.9231
17.9292
17.9333
17.9356
17.9364
17.936
17.9346
17.9324
17.9296
17.9263
17.9228
17.9192
17.9156
17.9121
17.9089
17.9059
17.9034
17.9013
17.8996
17.8985
17.8978
17.8976
17.8977
17.8982
17.8991
17.9
17.901
17.9017
17.9021
17.9019
17.901
17.8995
17.8972
17.8943
17.8907
17.8864
17.8815
17.8762
17.8706
17.8648
17.859
17.8533
17.8477
17.8421
17.8364
17.8304
17.8238
17.8166
17.8085
17.7995
17.7895
17.7786
17.7668
17.7544
17.7417
17.7287
17.7157
17.7028
17.69
17.6776
17.6653
17.6533
17.6415
17.6298
17.6181
17.6063
17.5942
17.5817
17.5685
17.5545
17.5394
17.5227
17.504
17.4827
17.458
17.4289
17.3941
17.3521
17.3007
17.2377
17.1595
17.0674
2.81794
2.87895
2.87749
2.78906
2.59565
2.29525
1.89064
1.38568
0.784879
0.0927339
-0.685926
-1.54598
-2.48156
-3.48594
-4.55101
-5.66693
-6.82112
-7.99779
-9.1783
-10.3426
-11.4702
-12.5354
-13.4981
-14.2947
-14.8468
-15.1086
-15.0523
-14.6491
-13.8882
-12.7898
-11.4086
-9.82803
-8.14404
-6.44725
-4.80762
-3.26904
-1.85122
-0.55675
0.622088
1.69742
2.68251
3.58988
4.43021
5.21281
5.94516
6.63332
7.28221
7.89581
8.47738
9.02953
9.55444
10.0538
10.5293
10.982
11.4131
11.8235
12.214
12.5852
12.9379
13.2727
13.5901
13.8908
14.1753
14.4442
14.6982
14.9379
15.164
15.377
15.5775
15.7662
15.9436
16.1102
16.2664
16.4126
16.5491
16.6763
16.7946
16.9044
17.006
17.1
17.1868
17.2668
17.3404
17.408
17.4699
17.5264
17.5779
17.6247
17.6669
17.7049
17.739
17.7695
17.7964
17.8201
17.8406
17.8582
17.873
17.8852
17.895
17.9025
17.908
17.9118
17.9141
17.9151
17.915
17.9141
17.9125
17.9104
17.908
17.9054
17.9028
17.9002
17.8978
17.8957
17.8939
17.8925
17.8916
17.8911
17.8911
17.8916
17.8924
17.8935
17.895
17.8965
17.898
17.8991
17.8998
17.8998
17.8991
17.8978
17.8958
17.893
17.8896
17.8855
17.8809
17.8759
17.8707
17.8654
17.8601
17.8549
17.8498
17.8446
17.8391
17.8333
17.8267
17.8193
17.811
17.8016
17.7913
17.78
17.7679
17.7553
17.7423
17.7292
17.7162
17.7033
17.6907
17.6784
17.6663
17.6544
17.6427
17.631
17.6193
17.6074
17.5951
17.5823
17.5688
17.5542
17.5382
17.5205
17.5006
17.4777
17.4512
17.4199
17.3827
17.3378
17.2835
17.2174
17.1362
17.0416
3.36382
3.45388
3.49779
3.45937
3.31027
3.04198
2.65419
2.15063
1.5368
0.819391
0.00531572
-0.897916
-1.88243
-2.93946
-4.05916
-5.23004
-6.43777
-7.66518
-8.89204
-10.0974
-11.2584
-12.3464
-13.3158
-14.0965
-14.6172
-14.8392
-14.7342
-14.2748
-13.4555
-12.3035
-10.8816
-9.2787
-7.59471
-5.92006
-4.32131
-2.83648
-1.47908
-0.246202
0.873647
1.895
2.83218
3.69773
4.50256
5.25515
5.96245
6.62989
7.26179
7.86159
8.43204
8.97532
9.49321
9.98726
10.4586
10.9083
11.3374
11.7465
12.1363
12.5075
12.8605
13.1958
13.514
13.8156
14.1011
14.3711
14.6262
14.867
15.0942
15.3083
15.5101
15.7
15.8787
16.0466
16.2042
16.3517
16.4897
16.6184
16.7381
16.8493
16.9524
17.0479
17.1361
17.2175
17.2926
17.3616
17.4249
17.4829
17.5358
17.584
17.6276
17.6671
17.7026
17.7344
17.7627
17.7877
17.8095
17.8284
17.8446
17.8581
17.8692
17.8781
17.885
17.8902
17.8938
17.8961
17.8973
17.8976
17.8971
17.8962
17.8948
17.8932
17.8915
17.8899
17.8883
17.887
17.886
17.8854
17.8852
17.8854
17.8861
17.8871
17.8886
17.8904
17.8924
17.8944
17.8963
17.8978
17.8987
17.8989
17.8984
17.8973
17.8954
17.8928
17.8895
17.8857
17.8813
17.8766
17.8718
17.8669
17.8621
17.8574
17.8526
17.8478
17.8425
17.8367
17.83
17.8224
17.8137
17.804
17.7933
17.7817
17.7694
17.7566
17.7436
17.7305
17.7174
17.7046
17.6921
17.6799
17.6679
17.6562
17.6445
17.6329
17.6211
17.6091
17.5966
17.5835
17.5695
17.5544
17.5377
17.5191
17.498
17.4738
17.4456
17.4125
17.3731
17.3258
17.2689
17.2002
17.1165
17.0195
3.7893
3.91665
4.02657
4.06
3.97492
3.75501
3.39696
2.90414
2.28405
1.54585
0.699616
-0.244451
-1.27569
-2.38299
-3.5544
-4.77614
-6.0325
-7.30438
-8.57072
-9.80904
-10.9951
-12.0953
-13.0557
-13.8033
-14.28
-14.4488
-14.2802
-13.7511
-12.864
-11.6562
-10.1985
-8.58658
-6.9217
-5.2911
-3.75469
-2.34248
-1.06058
0.0993997
1.15235
2.11431
2.99995
3.8218
4.58953
5.31126
5.99299
6.63939
7.2541
7.83993
8.39912
8.93338
9.44418
9.93254
10.3996
10.8462
11.273
11.6806
12.0696
12.4404
12.7934
13.129
13.4477
13.7499
14.0361
14.3069
14.5628
14.8045
15.0326
15.2476
15.4503
15.6412
15.8209
15.9899
16.1486
16.2974
16.4366
16.5665
16.6874
16.7999
16.9042
17.0009
17.0904
17.173
17.2493
17.3195
17.384
17.4432
17.4974
17.5468
17.5918
17.6325
17.6693
17.7023
17.7318
17.758
17.781
17.8011
17.8185
17.8332
17.8456
17.8558
17.864
17.8704
17.8753
17.8788
17.8812
17.8826
17.8833
17.8834
17.883
17.8824
17.8817
17.8809
17.8802
17.8797
17.8795
17.8796
17.8801
17.881
17.8823
17.884
17.8861
17.8885
17.891
17.8935
17.8958
17.8975
17.8986
17.899
17.8987
17.8977
17.896
17.8935
17.8904
17.8867
17.8826
17.8782
17.8737
17.8693
17.8649
17.8606
17.8562
17.8516
17.8464
17.8405
17.8336
17.8258
17.8168
17.8067
17.7957
17.7838
17.7714
17.7585
17.7454
17.7323
17.7193
17.7066
17.6942
17.6821
17.6702
17.6585
17.6469
17.6352
17.6234
17.6113
17.5986
17.5852
17.5707
17.5551
17.5377
17.5183
17.4962
17.4708
17.4412
17.4065
17.3652
17.316
17.2569
17.186
17.1003
17.0012
4.09454
4.26812
4.46337
4.59036
4.5876
4.42996
4.1113
3.63598
3.01417
2.25859
1.38267
0.399984
-0.675892
-1.83114
-3.05113
-4.32032
-5.62049
-6.93144
-8.23075
-9.4952
-10.6979
-11.7983
-12.7361
-13.4374
-13.8563
-13.9607
-13.7174
-13.1096
-12.1503
-10.8878
-9.40337
-7.79714
-6.16956
-4.6017
-3.14433
-1.81799
-0.621125
0.459752
1.44208
2.34273
3.17615
3.95376
4.68487
5.3761
6.03268
6.65845
7.25632
7.82849
8.37663
8.90205
9.40574
9.88863
10.3513
10.7946
11.219
11.625
12.0129
12.3831
12.7359
13.0716
13.3905
13.6931
13.9798
14.2511
14.5076
14.7499
14.9786
15.1943
15.3977
15.5893
15.7699
15.9398
16.0995
16.2492
16.3894
16.5202
16.6422
16.7557
16.861
16.9587
17.0492
17.1329
17.2102
17.2815
17.3471
17.4074
17.4626
17.5131
17.5592
17.601
17.6389
17.673
17.7036
17.7309
17.755
17.7762
17.7947
17.8106
17.8241
17.8355
17.8448
17.8524
17.8584
17.8631
17.8666
17.8691
17.8709
17.872
17.8726
17.8729
17.8731
17.8731
17.8733
17.8736
17.8741
17.8749
17.8761
17.8777
17.8797
17.882
17.8847
17.8877
17.8908
17.8937
17.8962
17.8982
17.8995
17.9001
17.8999
17.8991
17.8974
17.8951
17.8921
17.8886
17.8847
17.8806
17.8765
17.8725
17.8685
17.8645
17.8604
17.8558
17.8506
17.8446
17.8375
17.8294
17.8201
17.8097
17.7984
17.7863
17.7737
17.7608
17.7477
17.7346
17.7218
17.7092
17.6969
17.6848
17.673
17.6614
17.6497
17.638
17.6261
17.6138
17.6009
17.5872
17.5724
17.5562
17.5383
17.5181
17.4952
17.4688
17.438
17.4019
17.3591
17.3082
17.2474
17.1747
17.0874
16.9862
4.27038
4.51142
4.82055
5.06896
5.16457
5.07596
4.79876
4.34132
3.71811
2.94589
2.0417
1.02229
-0.0958078
-1.29598
-2.56122
-3.87325
-5.21236
-6.55677
-7.88319
-9.16719
-10.3766
-11.4635
-12.3607
-13.0073
-13.3618
-13.391
-13.0643
-12.3734
-11.3431
-10.034
-8.53575
-6.95195
-5.3791
-3.8895
-2.52314
-1.29062
-0.183106
0.817031
1.72886
2.56926
3.35183
4.08718
4.78291
5.44503
6.07767
6.68384
7.26571
7.82488
8.36251
8.87947
9.37642
9.85383
10.3124
10.7524
11.1744
11.5787
11.9654
12.3349
12.6873
13.0228
13.3417
13.6445
13.9314
14.2031
14.46
14.7026
14.9317
15.1479
15.3518
15.544
15.7252
15.8958
16.0562
16.2067
16.3476
16.4793
16.602
16.7163
16.8225
16.921
17.0124
17.0969
17.1751
17.2472
17.3138
17.375
17.4311
17.4826
17.5296
17.5724
17.6112
17.6463
17.6779
17.7062
17.7313
17.7536
17.7731
17.79
17.8046
17.817
17.8275
17.8361
17.8432
17.849
17.8535
17.8571
17.8598
17.8618
17.8634
17.8646
17.8656
17.8665
17.8675
17.8685
17.8698
17.8714
17.8732
17.8755
17.8781
17.8811
17.8844
17.8879
17.8915
17.8948
17.8976
17.8998
17.9012
17.902
17.902
17.9012
17.8997
17.8974
17.8946
17.8912
17.8876
17.8838
17.88
17.8763
17.8727
17.869
17.865
17.8605
17.8552
17.849
17.8417
17.8332
17.8236
17.813
17.8014
17.7892
17.7765
17.7635
17.7505
17.7375
17.7248
17.7123
17.7
17.6881
17.6763
17.6647
17.653
17.6413
17.6292
17.6167
17.6036
17.5896
17.5744
17.5578
17.5393
17.5186
17.4949
17.4676
17.4359
17.3986
17.3546
17.3024
17.2402
17.1661
17.0775
16.9746
4.30803
4.67596
5.14836
5.5379
5.73071
5.70178
5.45651
5.01043
4.38272
3.59359
2.66285
1.60975
0.453259
-0.7875
-2.09282
-3.44239
-4.81464
-6.18662
-7.53408
-8.82976
-10.0353
-11.0939
-11.937
-12.5172
-12.799
-12.7453
-12.3313
-11.5593
-10.4665
-9.12486
-7.6311
-6.0882
-4.58624
-3.18696
-1.91889
-0.783094
0.235395
1.15708
2.00161
2.7852
3.52031
4.216
4.87921
5.5144
6.1249
6.71293
7.27999
7.82712
8.355
8.86408
9.35466
9.82712
10.2816
10.7185
11.1381
11.5406
11.9261
12.2947
12.6465
12.9817
13.3005
13.6033
13.8903
14.1621
14.4191
14.662
14.8914
15.1078
15.312
15.5047
15.6863
15.8574
16.0183
16.1694
16.3109
16.4431
16.5665
16.6814
16.7882
16.8874
16.9794
17.0647
17.1436
17.2165
17.2837
17.3457
17.4027
17.455
17.5028
17.5464
17.5861
17.6221
17.6545
17.6837
17.7098
17.7329
17.7534
17.7713
17.7869
17.8003
17.8117
17.8214
17.8295
17.8363
17.8418
17.8463
17.85
17.8529
17.8554
17.8575
17.8593
17.861
17.8627
17.8646
17.8665
17.8688
17.8713
17.8742
17.8775
17.8811
17.885
17.8891
17.893
17.8967
17.8997
17.9021
17.9037
17.9046
17.9047
17.904
17.9026
17.9004
17.8977
17.8945
17.8911
17.8876
17.8842
17.8808
17.8774
17.8739
17.87
17.8655
17.8601
17.8536
17.846
17.8372
17.8273
17.8165
17.8048
17.7925
17.7797
17.7668
17.7538
17.7409
17.7282
17.7158
17.7036
17.6917
17.68
17.6683
17.6566
17.6448
17.6326
17.6199
17.6066
17.5923
17.5768
17.5598
17.5408
17.5195
17.4952
17.4673
17.4348
17.3967
17.3517
17.2985
17.2352
17.1601
17.0705
16.9661
4.17103
4.83221
5.48183
5.97143
6.23328
6.24713
6.02595
5.58987
4.96087
4.16128
3.2125
2.13508
0.949638
-0.322509
-1.65938
-3.03805
-4.43526
-5.82768
-7.1891
-8.4864
-9.67278
-10.6836
-11.462
-11.9678
-12.1664
-12.0245
-11.5258
-10.6835
-9.54623
-8.19426
-6.7267
-5.24342
-3.82579
-2.52427
-1.35639
-0.315074
0.619106
1.46806
2.25107
2.98315
3.67535
4.33565
4.96927
5.58023
6.17084
6.74257
7.29634
7.83264
8.35174
8.85373
9.33864
9.80641
10.2574
10.6915
11.1089
11.5097
11.8939
12.2616
12.6128
12.9475
13.266
13.5686
13.8555
14.1273
14.3844
14.6274
14.8568
15.0734
15.2778
15.4707
15.6526
15.8241
15.9853
16.1367
16.2786
16.4113
16.5351
16.6504
16.7577
16.8575
16.95
17.0358
17.1153
17.1888
17.2567
17.3193
17.3769
17.4299
17.4784
17.5228
17.5632
17.6
17.6332
17.6632
17.6901
17.7141
17.7355
17.7543
17.7708
17.7851
17.7975
17.8082
17.8172
17.8249
17.8313
17.8368
17.8413
17.8452
17.8485
17.8514
17.854
17.8565
17.859
17.8615
17.8642
17.8672
17.8704
17.8739
17.8778
17.882
17.8865
17.891
17.8954
17.8993
17.9025
17.9051
17.9068
17.9078
17.908
17.9075
17.9061
17.904
17.9014
17.8984
17.8953
17.892
17.8889
17.8858
17.8826
17.8792
17.8753
17.8707
17.8651
17.8584
17.8505
17.8415
17.8313
17.8203
17.8084
17.7961
17.7833
17.7704
17.7574
17.7446
17.732
17.7197
17.7076
17.6957
17.684
17.6723
17.6605
17.6486
17.6363
17.6234
17.6098
17.5953
17.5795
17.5621
17.5428
17.5211
17.4963
17.4678
17.4347
17.3959
17.3503
17.2963
17.2324
17.1565
17.0663
16.9608
3.92868
5.23228
5.92761
6.35924
6.58749
6.58669
6.37303
5.95612
5.34783
4.56449
3.62444
2.54738
1.35484
0.0704051
-1.28087
-2.6736
-4.08288
-5.48405
-6.84787
-8.1312
-9.27636
-10.2223
-10.9236
-11.3476
-11.4605
-11.2364
-10.6688
-9.78056
-8.62719
-7.29216
-5.87355
-4.46505
-3.13912
-1.9357
-0.863077
0.0918085
0.950845
1.73605
2.46565
3.15328
3.80862
4.43826
5.04691
5.63718
6.21084
6.76875
7.31126
7.83844
8.35016
8.84621
9.32631
9.79038
10.2381
10.6698
11.0854
11.4847
11.8678
12.2346
12.5851
12.9193
13.2375
13.5398
13.8266
14.0983
14.3554
14.5982
14.8276
15.0442
15.2487
15.4417
15.6238
15.7953
15.9568
16.1084
16.2505
16.3834
16.5075
16.6231
16.7308
16.8308
16.9238
17.01
17.0899
17.1639
17.2323
17.2954
17.3536
17.4072
17.4563
17.5013
17.5424
17.5799
17.6138
17.6445
17.6722
17.697
17.7191
17.7388
17.7561
17.7714
17.7847
17.7962
17.8062
17.8147
17.8221
17.8284
17.8338
17.8385
17.8426
17.8464
17.8498
17.8531
17.8563
17.8595
17.8629
17.8665
17.8703
17.8745
17.879
17.8838
17.8888
17.8938
17.8985
17.9026
17.9061
17.9088
17.9107
17.9118
17.9121
17.9115
17.9102
17.9082
17.9058
17.903
17.9
17.897
17.8941
17.8912
17.8882
17.8849
17.881
17.8762
17.8703
17.8634
17.8552
17.8459
17.8356
17.8244
17.8124
17.8
17.7872
17.7743
17.7615
17.7487
17.7362
17.7239
17.7119
17.7
17.6883
17.6765
17.6647
17.6526
17.6401
17.6271
17.6133
17.5985
17.5825
17.5648
17.5452
17.5231
17.4979
17.469
17.4355
17.3963
17.3502
17.2958
17.2314
17.1552
17.0645
16.9585
5.37529
6.1095
6.46352
6.68968
6.84357
6.83518
6.614
6.18688
5.57676
4.80335
3.88068
2.82159
1.64254
0.36545
-0.983567
-2.37736
-3.78941
-5.19297
-6.55225
-7.81139
-8.90409
-9.78007
-10.4036
-10.7425
-10.7693
-10.4677
-9.8419
-8.92254
-7.76937
-6.46563
-5.10505
-3.77478
-2.53789
-1.42489
-0.43681
0.443233
1.23811
1.96926
2.65368
3.30374
3.92796
4.53205
5.1194
5.69238
6.25196
6.79842
7.33166
7.85134
8.35701
8.84816
9.32435
9.78511
10.2304
10.66
11.0739
11.4718
11.8537
12.2195
12.5692
12.9028
13.2203
13.5222
13.8086
14.0799
14.3365
14.5791
14.8082
15.0245
15.2287
15.4215
15.6034
15.7748
15.9361
16.0876
16.2296
16.3624
16.4865
16.6022
16.7099
16.8101
16.9031
16.9895
17.0697
17.1439
17.2126
17.276
17.3346
17.3885
17.4381
17.4835
17.5251
17.5631
17.5976
17.6289
17.6572
17.6827
17.7056
17.7259
17.7441
17.7601
17.7742
17.7866
17.7973
17.8067
17.8149
17.822
17.8282
17.8337
17.8386
17.8431
17.8473
17.8513
17.8552
17.8591
17.8632
17.8674
17.8718
17.8766
17.8817
17.887
17.8925
17.8979
17.9028
17.9072
17.9108
17.9136
17.9156
17.9168
17.9171
17.9166
17.9153
17.9134
17.911
17.9084
17.9056
17.9029
17.9002
17.8974
17.8945
17.8911
17.8871
17.8821
17.876
17.8688
17.8604
17.8508
17.8403
17.8289
17.8169
17.8045
17.7917
17.7789
17.766
17.7533
17.7409
17.7286
17.7166
17.7047
17.6929
17.6811
17.6691
17.6569
17.6443
17.6311
17.6171
17.6021
17.5858
17.5679
17.5481
17.5257
17.5003
17.4712
17.4374
17.3979
17.3516
17.297
17.2324
17.156
17.0653
16.9592
5.34703
5.74038
6.10149
6.3932
6.60187
6.6552
6.51055
6.16659
5.63287
4.91848
4.03502
3.0003
1.83815
0.575626
-0.758841
-2.13739
-3.53474
-4.92113
-6.25059
-7.45635
-8.47779
-9.27391
-9.81167
-10.0629
-10.0086
-9.64316
-8.97961
-8.05367
-6.92504
-5.67298
-4.38498
-3.1395
-1.99097
-0.962313
-0.0499754
0.764481
1.50359
2.18764
2.83241
3.44919
4.04553
4.62622
5.19443
5.75143
6.29786
6.83353
7.35793
7.87036
8.37011
8.85643
9.32864
9.7863
10.2288
10.6562
11.0682
11.4645
11.845
12.2096
12.5582
12.8909
13.2077
13.5089
13.7947
14.0655
14.3217
14.5637
14.7924
15.0083
15.2122
15.4047
15.5863
15.7575
15.9185
16.0697
16.2115
16.3441
16.4681
16.5837
16.6913
16.7915
16.8847
16.9712
17.0514
17.1258
17.1947
17.2584
17.3172
17.3715
17.4214
17.4673
17.5093
17.5477
17.5828
17.6147
17.6436
17.6697
17.6932
17.7143
17.7331
17.7499
17.7648
17.7779
17.7895
17.7997
17.8087
17.8166
17.8236
17.8299
17.8355
17.8408
17.8457
17.8504
17.855
17.8596
17.8643
17.8691
17.8741
17.8795
17.8852
17.891
17.8969
17.9026
17.9078
17.9123
17.9161
17.919
17.9211
17.9224
17.9227
17.9222
17.9209
17.9191
17.9168
17.9143
17.9117
17.9092
17.9066
17.904
17.9011
17.8976
17.8934
17.8882
17.8818
17.8743
17.8657
17.8559
17.8452
17.8338
17.8217
17.8092
17.7965
17.7837
17.7709
17.7582
17.7458
17.7335
17.7215
17.7096
17.6977
17.6858
17.6737
17.6614
17.6486
17.6353
17.6211
17.6059
17.5895
17.5714
17.5514
17.5289
17.5034
17.4741
17.4402
17.4007
17.3544
17.2998
17.2353
17.1591
17.0685
16.963
5.47002
5.74389
6.02965
6.24085
6.35719
6.34511
6.1772
5.84824
5.36239
4.72331
3.93367
2.99835
1.92817
0.74231
-0.532426
-1.86396
-3.21687
-4.55085
-5.80292
-6.90947
-7.82545
-8.51496
-8.94889
-9.10813
-8.98481
-8.58334
-7.92247
-7.03802
-5.98432
-4.83109
-3.65359
-2.5189
-1.47197
-0.530776
0.308918
1.06366
1.75336
2.39602
3.0057
3.59249
4.16313
4.72199
5.27126
5.81231
6.3452
6.86945
7.38423
7.88861
8.38162
8.86232
9.32991
9.78357
10.223
10.6477
11.0574
11.4517
11.8306
12.1937
12.5411
12.8728
13.1888
13.4893
13.7745
14.0448
14.3005
14.5423
14.7707
14.9864
15.1901
15.3825
15.5639
15.7349
15.8958
16.047
16.1887
16.3214
16.4454
16.561
16.6689
16.7692
16.8626
16.9493
17.0299
17.1046
17.1738
17.2379
17.2972
17.3519
17.4023
17.4487
17.4913
17.5304
17.566
17.5986
17.6282
17.655
17.6793
17.7012
17.7208
17.7385
17.7542
17.7682
17.7806
17.7917
17.8015
17.8103
17.8181
17.8252
17.8317
17.8377
17.8434
17.8489
17.8542
17.8595
17.8649
17.8704
17.8761
17.8821
17.8883
17.8947
17.901
17.907
17.9125
17.9172
17.9211
17.9242
17.9264
17.9277
17.928
17.9276
17.9264
17.9246
17.9225
17.9201
17.9177
17.9154
17.913
17.9104
17.9075
17.9039
17.8995
17.8941
17.8875
17.8797
17.8708
17.8609
17.8501
17.8386
17.8265
17.814
17.8013
17.7885
17.7758
17.7632
17.7507
17.7385
17.7264
17.7145
17.7025
17.6906
17.6784
17.6659
17.653
17.6395
17.6252
17.6099
17.5934
17.5752
17.5551
17.5325
17.507
17.4778
17.444
17.4047
17.3586
17.3043
17.2402
17.1644
17.0743
16.9698
5.39747
5.56519
5.74052
5.86923
5.9249
5.88144
5.71442
5.41231
4.97317
4.3979
3.68828
2.84807
1.88514
0.81366
-0.344299
-1.5578
-2.78723
-3.98114
-5.08523
-6.05358
-6.84621
-7.42749
-7.77319
-7.87158
-7.72204
-7.33371
-6.72599
-5.93072
-4.99385
-3.97329
-2.93142
-1.92266
-0.983727
-0.129881
0.641227
1.34211
1.98856
2.59539
3.17454
3.73479
4.28213
4.82022
5.35145
5.87649
6.39538
6.90743
7.41165
7.90695
8.39217
8.86625
9.32819
9.77728
10.2126
10.634
11.0408
11.4326
11.8094
12.1707
12.5166
12.8471
13.1621
13.4618
13.7465
14.0163
14.2717
14.5133
14.7416
14.9573
15.161
15.3534
15.5349
15.7059
15.8669
16.0182
16.1601
16.2929
16.4172
16.5332
16.6413
16.7421
16.8359
16.9231
17.0042
17.0794
17.1492
17.2139
17.2738
17.3291
17.3802
17.4273
17.4706
17.5103
17.5468
17.5801
17.6106
17.6383
17.6634
17.6862
17.7068
17.7254
17.742
17.757
17.7704
17.7824
17.7931
17.8028
17.8115
17.8195
17.8269
17.8338
17.8403
17.8466
17.8527
17.8587
17.8648
17.871
17.8775
17.8841
17.891
17.8979
17.9046
17.911
17.9167
17.9216
17.9258
17.929
17.9313
17.9326
17.933
17.9326
17.9315
17.9298
17.9279
17.9257
17.9235
17.9213
17.919
17.9165
17.9135
17.9099
17.9053
17.8996
17.8928
17.8848
17.8758
17.8657
17.8548
17.8432
17.8311
17.8187
17.806
17.7933
17.7806
17.768
17.7556
17.7434
17.7313
17.7193
17.7073
17.6953
17.683
17.6705
17.6575
17.6439
17.6295
17.6141
17.5974
17.5792
17.5591
17.5366
17.5112
17.4822
17.4487
17.4097
17.3641
17.3104
17.2469
17.1719
17.0825
16.9795
5.31541
5.42168
5.52419
5.5901
5.59391
5.51466
5.33448
5.04303
4.63667
4.11462
3.47732
2.7272
1.87063
0.920273
-0.10283
-1.16825
-2.23587
-3.26121
-4.20526
-5.0305
-5.69942
-6.18229
-6.46082
-6.52771
-6.38469
-6.0408
-5.51289
-4.8275
-4.02236
-3.14429
-2.24248
-1.36006
-0.526613
0.244131
0.951786
1.60423
2.21273
2.78853
3.34119
3.87803
4.40421
4.92322
5.43679
5.94586
6.45029
6.94936
7.44202
7.92709
8.40335
8.86964
9.32491
9.76809
10.1986
10.6157
11.0189
11.4077
11.7817
12.1408
12.4849
12.8138
13.1276
13.4264
13.7104
13.9797
14.2349
14.4763
14.7046
14.9204
15.1243
15.3168
15.4985
15.6698
15.8311
15.9826
16.1249
16.2582
16.3829
16.4994
16.6082
16.7096
16.804
16.8919
16.9737
17.0497
17.1202
17.1857
17.2464
17.3026
17.3545
17.4024
17.4466
17.4873
17.5247
17.559
17.5904
17.6191
17.6453
17.6691
17.6908
17.7104
17.7281
17.7441
17.7586
17.7716
17.7833
17.794
17.8037
17.8127
17.821
17.8288
17.8362
17.8433
17.8503
17.8572
17.8641
17.871
17.8782
17.8856
17.893
17.9005
17.9077
17.9144
17.9204
17.9256
17.93
17.9334
17.9358
17.9372
17.9377
17.9374
17.9364
17.9349
17.9331
17.9312
17.9292
17.9271
17.925
17.9225
17.9194
17.9156
17.9108
17.905
17.898
17.8898
17.8806
17.8704
17.8594
17.8478
17.8357
17.8233
17.8107
17.798
17.7854
17.7729
17.7605
17.7483
17.7362
17.7241
17.7121
17.7
17.6877
17.675
17.6619
17.6483
17.6338
17.6184
17.6017
17.5836
17.5636
17.5412
17.5161
17.4874
17.4543
17.416
17.3711
17.3182
17.2557
17.1818
17.0934
16.9921
5.18522
5.23846
5.27941
5.28739
5.24444
5.13551
4.94762
4.67179
4.30324
3.83935
3.27884
2.62268
1.87607
1.05054
0.165512
-0.751628
-1.66801
-2.54719
-3.35177
-4.04614
-4.59989
-4.99139
-5.20882
-5.24895
-5.11509
-4.81594
-4.36591
-3.78663
-3.1075
-2.36404
-1.59345
-0.828488
-0.0928064
0.601015
1.25013
1.85829
2.4325
2.98054
3.5095
4.02518
4.53189
5.03246
5.52888
6.02177
6.5111
6.99622
7.47614
7.94969
8.41566
8.87283
9.32002
9.75637
10.1808
10.5926
10.9913
11.3762
11.7469
12.1033
12.445
12.772
13.0843
13.382
13.6651
13.9339
14.1888
14.4301
14.6585
14.8745
15.0787
15.2716
15.4537
15.6255
15.7872
15.9393
16.0821
16.2161
16.3415
16.4588
16.5684
16.6707
16.766
16.8549
16.9376
17.0146
17.0862
17.1527
17.2144
17.2716
17.3246
17.3736
17.4188
17.4606
17.4991
17.5346
17.5671
17.597
17.6244
17.6494
17.6723
17.6931
17.712
17.7292
17.7448
17.7589
17.7718
17.7836
17.7944
17.8044
17.8137
17.8225
17.8309
17.8389
17.8468
17.8546
17.8623
17.8701
17.8781
17.8862
17.8944
17.9024
17.91
17.9172
17.9235
17.9291
17.9337
17.9373
17.9398
17.9414
17.942
17.9418
17.9409
17.9396
17.9381
17.9364
17.9346
17.9327
17.9306
17.9281
17.925
17.9211
17.9161
17.9101
17.9029
17.8946
17.8852
17.875
17.8639
17.8523
17.8402
17.8279
17.8153
17.8027
17.7901
17.7776
17.7653
17.7531
17.741
17.7289
17.7168
17.7047
17.6923
17.6796
17.6665
17.6527
17.6383
17.6229
17.6063
17.5882
17.5684
17.5464
17.5216
17.4934
17.4611
17.4235
17.3796
17.3278
17.2666
17.194
17.1069
17.0077
5.04657
5.05565
5.0505
5.01553
4.93884
4.81058
4.62099
4.36235
4.02886
3.61649
3.12247
2.54714
1.89512
1.17767
0.412468
-0.376495
-1.15984
-1.9034
-2.57369
-3.14209
-3.58705
-3.89488
-4.05934
-4.07994
-3.96039
-3.70779
-3.33318
-2.85249
-2.28725
-1.66336
-1.00818
-0.346551
0.302443
0.927146
1.52291
2.09021
2.6326
3.15484
3.6618
4.15773
4.64605
5.12936
5.60908
6.08614
6.5605
7.03162
7.49862
7.96039
8.41572
8.8634
9.30229
9.73117
10.1493
10.5557
10.9496
11.3305
11.6979
12.0513
12.3907
12.7159
13.0268
13.3234
13.6059
13.8743
14.1291
14.3707
14.5995
14.816
15.0208
15.2144
15.3972
15.5697
15.7322
15.8852
16.029
16.164
16.2905
16.4089
16.5197
16.6232
16.7198
16.81
16.894
16.9723
17.0452
17.113
17.1761
17.2346
17.289
17.3393
17.3859
17.4291
17.4689
17.5058
17.5397
17.571
17.5998
17.6262
17.6505
17.6727
17.6929
17.7115
17.7284
17.7438
17.758
17.771
17.783
17.7941
17.8046
17.8145
17.8239
17.833
17.8419
17.8506
17.8593
17.8681
17.8769
17.8858
17.8947
17.9033
17.9115
17.9191
17.9259
17.9319
17.9367
17.9406
17.9433
17.945
17.9457
17.9457
17.9451
17.9441
17.9427
17.9413
17.9397
17.938
17.936
17.9335
17.9303
17.9263
17.9212
17.915
17.9076
17.8992
17.8897
17.8794
17.8683
17.8567
17.8447
17.8323
17.8198
17.8073
17.7947
17.7823
17.77
17.7578
17.7457
17.7336
17.7215
17.7093
17.6969
17.6842
17.671
17.6573
17.6428
17.6275
17.6111
17.5932
17.5737
17.552
17.5278
17.5003
17.4688
17.4323
17.3896
17.3393
17.2797
17.2088
17.1233
17.0261
4.92076
4.89969
4.86617
4.80523
4.70914
4.57127
4.38447
4.14112
3.83524
3.46101
3.01529
2.49743
1.91299
1.27252
0.593782
-0.100488
-0.781743
-1.41993
-1.98744
-2.46214
-2.82848
-3.07754
-3.20571
-3.21358
-3.10434
-2.88381
-2.56048
-2.14688
-1.65933
-1.11789
-0.543528
0.0439472
0.62869
1.20015
1.75292
2.28584
2.8004
3.29955
3.78664
4.26497
4.73725
5.20549
5.67127
6.13516
6.59723
7.05694
7.51345
7.96563
8.41232
8.85224
9.28419
9.70714
10.1199
10.5216
10.9115
11.2888
11.6531
12.004
12.3411
12.6645
12.9739
13.2693
13.5509
13.8189
14.0734
14.3149
14.5438
14.7606
14.9658
15.1597
15.343
15.516
15.6792
15.8328
15.9773
16.1131
16.2405
16.3599
16.4717
16.5763
16.674
16.7653
16.8506
16.9301
17.0042
17.0733
17.1376
17.1975
17.2531
17.3047
17.3526
17.3971
17.4383
17.4765
17.5119
17.5446
17.5748
17.6026
17.6282
17.6518
17.6735
17.6934
17.7116
17.7284
17.7438
17.758
17.7712
17.7836
17.7952
17.8062
17.8167
17.8268
17.8367
17.8464
17.8561
17.8658
17.8755
17.8852
17.8948
17.9041
17.9128
17.9209
17.9282
17.9344
17.9396
17.9437
17.9466
17.9485
17.9494
17.9496
17.9492
17.9484
17.9474
17.9462
17.9448
17.9432
17.9412
17.9387
17.9355
17.9313
17.926
17.9197
17.9122
17.9036
17.894
17.8836
17.8726
17.8609
17.8489
17.8366
17.8242
17.8116
17.7992
17.7867
17.7744
17.7622
17.7501
17.738
17.7259
17.7137
17.7013
17.6886
17.6754
17.6618
17.6474
17.6322
17.616
17.5985
17.5793
17.5583
17.5347
17.5082
17.4778
17.4427
17.4017
17.3533
17.2958
17.227
17.1437
17.0487
4.81157
4.76904
4.71625
4.63909
4.53141
4.38929
4.20647
3.97634
3.69211
3.34809
2.9401
2.46803
1.93667
1.35715
0.746592
0.127714
-0.473378
-1.03073
-1.52106
-1.92645
-2.23477
-2.43933
-2.53809
-2.53195
-2.42451
-2.22091
-1.92908
-1.55923
-1.12509
-0.642234
-0.127606
0.403038
0.936641
1.46392
1.9796
2.4817
2.97057
3.44797
3.91624
4.37784
4.83487
5.2892
5.74183
6.19341
6.64392
7.09284
7.53929
7.98222
8.42038
8.85256
9.27755
9.69407
10.1012
10.4979
10.8833
11.2567
11.6174
11.9652
12.2997
12.6207
12.9281
13.2218
13.5021
13.769
14.0228
14.2639
14.4925
14.7091
14.9143
15.1083
15.2918
15.465
15.6284
15.7825
15.9275
16.0638
16.1919
16.3121
16.4247
16.5302
16.629
16.7213
16.8077
16.8883
16.9636
17.0339
17.0994
17.1604
17.2173
17.2701
17.3193
17.365
17.4076
17.4471
17.4838
17.5179
17.5495
17.5787
17.6058
17.6307
17.6538
17.6751
17.6947
17.7127
17.7294
17.7449
17.7593
17.7729
17.7856
17.7977
17.8093
17.8205
17.8314
17.8421
17.8527
17.8634
17.874
17.8845
17.8948
17.9046
17.914
17.9226
17.9302
17.9368
17.9423
17.9466
17.9498
17.9518
17.953
17.9534
17.9533
17.9528
17.952
17.951
17.9498
17.9483
17.9464
17.9438
17.9405
17.9362
17.9308
17.9242
17.9166
17.9079
17.8982
17.8878
17.8767
17.865
17.853
17.8407
17.8283
17.8158
17.8034
17.791
17.7787
17.7665
17.7544
17.7423
17.7302
17.7179
17.7055
17.6928
17.6798
17.6662
17.652
17.6371
17.6211
17.604
17.5855
17.5652
17.5426
17.5173
17.4884
17.4551
17.4163
17.3704
17.3156
17.2497
17.1691
17.0769
4.6961
4.63553
4.56764
4.47825
4.36263
4.21849
4.04114
3.82455
3.56268
3.25
2.88263
2.46015
1.98705
1.47379
0.936345
0.395145
-0.127196
-0.608207
-1.02828
-1.37235
-1.63029
-1.79694
-1.87078
-1.85342
-1.74828
-1.56064
-1.29734
-0.967274
-0.581264
-0.151752
0.30811
0.785932
1.271
1.75544
2.23426
2.70493
3.16709
3.62136
4.0694
4.51272
4.95318
5.39181
5.82974
6.26729
6.70445
7.14067
7.57517
8.00682
8.43453
8.857
9.27302
9.68149
10.0813
10.4714
10.8509
11.2189
11.575
11.9187
12.2496
12.5675
12.8722
13.1638
13.4423
13.7079
13.9607
14.201
14.4293
14.6458
14.851
15.0452
15.2289
15.4026
15.5665
15.7212
15.8669
16.0041
16.1332
16.2544
16.3683
16.475
16.5751
16.6689
16.7566
16.8388
16.9155
16.9873
17.0543
17.1169
17.1752
17.2297
17.2804
17.3276
17.3717
17.4129
17.4512
17.4869
17.5201
17.551
17.5796
17.6062
17.6308
17.6536
17.6748
17.6943
17.7125
17.7294
17.7451
17.76
17.774
17.7873
17.8001
17.8124
17.8244
17.8362
17.8479
17.8595
17.8711
17.8824
17.8935
17.9041
17.914
17.9232
17.9313
17.9383
17.9442
17.9488
17.9522
17.9545
17.956
17.9567
17.9569
17.9567
17.9562
17.9555
17.9544
17.9531
17.9512
17.9486
17.9452
17.9408
17.9353
17.9286
17.9208
17.912
17.9023
17.8918
17.8806
17.869
17.857
17.8447
17.8323
17.8199
17.8074
17.7951
17.7828
17.7706
17.7585
17.7464
17.7343
17.7221
17.7097
17.6971
17.6841
17.6707
17.6568
17.6421
17.6266
17.6101
17.5922
17.5728
17.5514
17.5275
17.5004
17.4693
17.4331
17.3901
17.3386
17.2762
17.1991
17.1099
4.58034
4.50612
4.42728
4.32997
4.2096
4.06558
3.8945
3.69224
3.45353
3.17435
2.85085
2.48294
2.0734
1.63107
1.16858
0.703608
0.255145
-0.156965
-0.515696
-0.80723
-1.02249
-1.15669
-1.20873
-1.18064
-1.07607
-0.900664
-0.660654
-0.36413
-0.0196254
0.36281
0.773371
1.20226
1.64118
2.08371
2.52523
2.96339
3.39693
3.82626
4.2518
4.675
5.09657
5.51776
5.93891
6.36052
6.78227
7.20383
7.6242
8.04257
8.45762
8.86834
9.2734
9.67179
10.0623
10.444
10.8159
11.1772
11.5273
11.8656
12.1918
12.5056
12.8069
13.0955
13.3716
13.6353
13.8867
14.1261
14.3537
14.5699
14.7751
14.9695
15.1536
15.3278
15.4925
15.648
15.7947
15.9331
16.0634
16.186
16.3014
16.4098
16.5115
16.607
16.6966
16.7806
16.8592
16.9328
17.0018
17.0662
17.1264
17.1826
17.2352
17.2843
17.3302
17.3732
17.4134
17.4509
17.486
17.5187
17.5492
17.5776
17.604
17.6286
17.6515
17.6727
17.6925
17.711
17.7283
17.7446
17.76
17.7747
17.7888
17.8023
17.8155
17.8285
17.8413
17.854
17.8666
17.8788
17.8907
17.9021
17.9127
17.9225
17.9312
17.9387
17.9449
17.9499
17.9537
17.9564
17.9582
17.9593
17.9599
17.9601
17.9599
17.9595
17.9587
17.9575
17.9556
17.9531
17.9496
17.9451
17.9395
17.9327
17.9249
17.916
17.9062
17.8956
17.8845
17.8728
17.8608
17.8486
17.8362
17.8238
17.8114
17.799
17.7867
17.7746
17.7625
17.7504
17.7383
17.7262
17.7139
17.7014
17.6886
17.6754
17.6617
17.6474
17.6324
17.6165
17.5995
17.5812
17.5611
17.5389
17.5139
17.4854
17.4521
17.4127
17.3651
17.3068
17.2337
17.1478
4.47024
4.3864
4.30098
4.19943
4.07837
3.93712
3.775
3.58835
3.37505
3.13105
2.85484
2.54425
2.20197
1.83233
1.4458
1.05487
0.676123
0.325887
0.0202206
-0.227934
-0.409252
-0.518356
-0.554086
-0.517835
-0.414028
-0.247827
-0.0262359
0.243878
0.554469
0.897826
1.26592
1.65143
2.04803
2.45045
2.85522
3.25979
3.6633
4.06521
4.46615
4.86642
5.26697
5.66809
6.07037
6.47372
6.87808
7.28275
7.68709
8.08998
8.49049
8.88736
9.27953
9.66588
10.0453
10.4169
10.7795
11.1325
11.475
11.8067
12.127
12.4358
12.7326
13.0175
13.2905
13.5516
13.8011
14.0391
14.2658
14.4815
14.6865
14.8811
15.0656
15.2404
15.4059
15.5625
15.7105
15.8502
15.9821
16.1065
16.2236
16.3339
16.4377
16.5354
16.6271
16.7133
16.7941
16.8701
16.9412
17.0079
17.0703
17.1287
17.1834
17.2346
17.2826
17.3277
17.37
17.4097
17.4468
17.4816
17.5142
17.5446
17.5731
17.5996
17.6244
17.6476
17.6692
17.6895
17.7085
17.7264
17.7434
17.7596
17.7751
17.7901
17.8045
17.8188
17.8328
17.8467
17.8603
17.8735
17.8863
17.8985
17.91
17.9204
17.9297
17.9378
17.9445
17.9499
17.9541
17.9572
17.9595
17.9611
17.9621
17.9627
17.963
17.9629
17.9623
17.9613
17.9596
17.9571
17.9536
17.9491
17.9434
17.9366
17.9286
17.9197
17.9098
17.8992
17.8881
17.8764
17.8644
17.8522
17.8399
17.8274
17.8151
17.8027
17.7905
17.7783
17.7662
17.7542
17.7421
17.7301
17.7179
17.7055
17.693
17.68
17.6667
17.6529
17.6385
17.6233
17.6073
17.5902
17.5717
17.5514
17.5288
17.5032
17.4734
17.438
17.395
17.3416
17.2735
17.1912
4.37223
4.28354
4.19514
4.09375
3.97544
3.84102
3.69021
3.52196
3.3348
3.12736
2.89786
2.64518
2.36925
2.07254
1.7606
1.44242
1.13007
0.837327
0.578484
0.366238
0.210842
0.118729
0.0927794
0.132204
0.233537
0.391271
0.598666
0.848513
1.13331
1.44604
1.77986
2.12904
2.48844
2.85429
3.2237
3.59499
3.9672
4.34013
4.71394
5.08901
5.46577
5.84447
6.22535
6.60824
6.99291
7.37864
7.76479
8.15025
8.53416
8.91525
9.29262
9.66502
10.0315
10.3911
10.7428
11.0858
11.4194
11.7431
12.0564
12.3588
12.6503
12.9305
13.1996
13.4576
13.7046
13.9407
14.1661
14.381
14.5856
14.7802
14.9651
15.1406
15.307
15.4648
15.6142
15.7555
15.8892
16.0155
16.1348
16.2474
16.3536
16.4537
16.548
16.6367
16.7203
16.7988
16.8725
16.9418
17.0068
17.0677
17.1249
17.1785
17.229
17.2764
17.321
17.363
17.4025
17.4395
17.4744
17.5071
17.5378
17.5665
17.5935
17.6187
17.6424
17.6646
17.6855
17.7052
17.724
17.7419
17.759
17.7754
17.7913
17.8069
17.8222
17.8373
17.8521
17.8664
17.8802
17.8933
17.9055
17.9167
17.9267
17.9353
17.9426
17.9485
17.9533
17.9569
17.9597
17.9619
17.9635
17.9646
17.9653
17.9656
17.9654
17.9646
17.963
17.9606
17.9572
17.9527
17.947
17.9401
17.9321
17.9231
17.9133
17.9026
17.8914
17.8798
17.8678
17.8556
17.8433
17.8309
17.8185
17.8062
17.7939
17.7818
17.7697
17.7577
17.7457
17.7338
17.7217
17.7096
17.6972
17.6847
17.6718
17.6585
17.6447
17.6305
17.6155
17.5998
17.583
17.5649
17.545
17.5226
17.4968
17.4661
17.4284
17.3808
17.3185
17.2405
4.29394
4.20477
4.11725
4.02003
3.90853
3.7848
3.64849
3.50076
3.34045
3.1686
2.98342
2.78516
2.5717
2.34429
2.10382
1.85603
1.60775
1.37008
1.15442
0.973387
0.837653
0.755651
0.732422
0.769106
0.864002
1.01203
1.20709
1.44125
1.70725
1.99744
2.30565
2.62624
2.95513
3.28918
3.62639
3.96576
4.30678
4.64974
4.99476
5.34255
5.69319
6.04722
6.40432
6.76465
7.1274
7.49229
7.85816
8.22442
8.58972
8.95332
9.31391
9.67066
10.0224
10.3683
10.7074
11.0389
11.3621
11.6764
11.9813
12.2763
12.5613
12.8361
13.1005
13.3546
13.5984
13.8321
14.0557
14.2693
14.4732
14.6676
14.8528
15.0289
15.1963
15.3554
15.5063
15.6495
15.7852
15.9137
16.0354
16.1506
16.2595
16.3624
16.4595
16.5512
16.6377
16.7193
16.796
16.8683
16.9362
17
17.0599
17.1163
17.1694
17.2195
17.2666
17.3112
17.3531
17.3927
17.43
17.4652
17.4982
17.5294
17.5586
17.5861
17.612
17.6363
17.6593
17.6811
17.7018
17.7215
17.7403
17.7584
17.7758
17.7928
17.8095
17.8259
17.8418
17.8573
17.8721
17.8862
17.8993
17.9113
17.922
17.9313
17.9391
17.9457
17.951
17.9553
17.9587
17.9615
17.9637
17.9655
17.9667
17.9674
17.9676
17.9671
17.9658
17.9635
17.9602
17.9558
17.9501
17.9433
17.9353
17.9263
17.9164
17.9057
17.8945
17.8829
17.8709
17.8587
17.8463
17.834
17.8216
17.8093
17.797
17.7849
17.7728
17.7609
17.749
17.7371
17.7253
17.7133
17.7013
17.6891
17.6767
17.6641
17.6511
17.6378
17.6241
17.6098
17.595
17.5792
17.5623
17.5436
17.5222
17.4968
17.4652
17.4243
17.3691
17.2962
4.24328
4.15725
4.07481
3.98484
3.88443
3.77422
3.65581
3.52946
3.39656
3.25743
3.11308
2.9626
2.80544
2.63974
2.46529
2.28263
2.09566
1.91049
1.73645
1.58419
1.46495
1.38872
1.36295
1.39185
1.47571
1.61168
1.79389
2.01503
2.26679
2.54128
2.83134
3.1312
3.43662
3.74476
4.05421
4.36445
4.67583
4.98895
5.30473
5.62384
5.94695
6.27429
6.60597
6.94165
7.28093
7.62302
7.96717
8.31235
8.65765
9.00197
9.34435
9.68376
10.0192
10.3499
10.6749
10.9934
11.3047
11.6083
11.9035
12.1901
12.4676
12.7359
12.9947
13.2442
13.4842
13.7148
13.936
14.148
14.3508
14.5447
14.7299
14.9065
15.0749
15.2352
15.3877
15.5328
15.6708
15.8018
15.9262
16.0441
16.156
16.262
16.3624
16.4574
16.5473
16.6321
16.7123
16.7878
16.859
16.9261
16.9892
17.0486
17.1047
17.1576
17.2076
17.2548
17.2995
17.3417
17.3817
17.4195
17.4551
17.4887
17.5204
17.5503
17.5785
17.605
17.6303
17.6542
17.6769
17.6986
17.7193
17.7391
17.7582
17.7767
17.7949
17.8125
17.8297
17.8463
17.8622
17.8772
17.8912
17.904
17.9155
17.9254
17.934
17.9412
17.9471
17.9521
17.9563
17.9598
17.9628
17.9651
17.967
17.9682
17.9689
17.9687
17.9677
17.9657
17.9626
17.9583
17.9527
17.946
17.938
17.9291
17.9192
17.9085
17.8973
17.8856
17.8736
17.8614
17.8491
17.8367
17.8243
17.812
17.7997
17.7876
17.7756
17.7637
17.7518
17.7401
17.7284
17.7168
17.7051
17.6934
17.6815
17.6695
17.6574
17.6452
17.6328
17.6202
17.6074
17.5943
17.5806
17.5658
17.5494
17.5299
17.5053
17.4721
17.4253
17.359
4.22615
4.14715
4.07254
3.99301
3.90613
3.81222
3.71311
3.60924
3.50255
3.39387
3.28508
3.17589
3.06615
2.95329
2.83557
2.71056
2.57875
2.44233
2.30758
2.18298
2.07939
2.00772
1.97773
1.99642
2.06697
2.18886
2.35762
2.56652
2.80686
3.06998
3.34758
3.63305
3.9214
4.20961
4.49633
4.78149
5.06602
5.35116
5.63847
5.92913
6.22422
6.52421
6.82938
7.13942
7.45395
7.77215
8.09328
8.41627
8.74023
9.06409
9.38691
9.7077
10.0256
10.3397
10.6492
10.9534
11.2515
11.5431
11.8275
12.1043
12.3733
12.634
12.8864
13.1303
13.3657
13.5924
13.8107
14.0204
14.2216
14.4146
14.5994
14.7763
14.9453
15.1068
15.2609
15.408
15.5482
15.6818
15.809
15.93
16.0451
16.1545
16.2584
16.3569
16.4504
16.5389
16.6227
16.7019
16.7767
16.8473
16.9139
16.9767
17.036
17.0921
17.1452
17.1954
17.2429
17.288
17.3308
17.3712
17.4095
17.4457
17.4798
17.5121
17.5426
17.5715
17.5989
17.6251
17.65
17.6738
17.6964
17.7182
17.7389
17.7591
17.7786
17.7976
17.8159
17.8337
17.8505
17.8666
17.8814
17.8951
17.9072
17.918
17.9271
17.9351
17.9417
17.9474
17.9523
17.9566
17.9604
17.9635
17.966
17.9679
17.969
17.9693
17.9687
17.967
17.9642
17.9601
17.9548
17.9481
17.9403
17.9314
17.9216
17.911
17.8997
17.8881
17.8761
17.8638
17.8515
17.839
17.8266
17.8142
17.8019
17.7898
17.7778
17.7659
17.7542
17.7426
17.7311
17.7198
17.7085
17.6972
17.686
17.6748
17.6636
17.6525
17.6415
17.6307
17.6201
17.6098
17.5995
17.5891
17.578
17.565
17.5483
17.5243
17.4875
17.4293
4.24633
4.1772
4.11262
4.04539
3.97358
3.89715
3.81789
3.73624
3.65436
3.57325
3.49532
3.42066
3.34959
3.27926
3.20717
3.12892
3.04264
2.94738
2.84688
2.7473
2.6588
2.59245
2.55965
2.56953
2.62787
2.73638
2.89225
3.08958
3.31966
3.57329
3.84117
4.11572
4.39104
4.66363
4.9319
5.19599
5.45719
5.71732
5.97849
6.24244
6.5107
6.78406
7.06304
7.34746
7.63704
7.93099
8.22859
8.52879
8.83073
9.13338
9.43584
9.73719
10.0366
10.3332
10.6264
10.9153
11.1994
11.478
11.7507
12.017
12.2765
12.529
12.7742
13.0119
13.242
13.4644
13.6791
13.8861
14.0855
14.2772
14.4614
14.6382
14.8078
14.9704
15.1261
15.2752
15.4178
15.5541
15.6843
15.8086
15.9272
16.0402
16.1479
16.2503
16.3477
16.4401
16.5279
16.611
16.6898
16.7642
16.8347
16.9012
16.9642
17.0237
17.0801
17.1335
17.1843
17.2323
17.278
17.3212
17.3623
17.4009
17.4376
17.4722
17.5051
17.5362
17.566
17.5943
17.6215
17.6473
17.6722
17.6958
17.7186
17.7402
17.7614
17.7815
17.8012
17.8198
17.8379
17.8547
17.8705
17.8847
17.8977
17.909
17.919
17.9274
17.9348
17.9412
17.9469
17.952
17.9565
17.9604
17.9637
17.9662
17.9679
17.9688
17.9686
17.9674
17.9649
17.9612
17.9561
17.9497
17.9421
17.9334
17.9236
17.9131
17.9019
17.8902
17.8781
17.8659
17.8534
17.8409
17.8284
17.816
17.8037
17.7915
17.7794
17.7676
17.7559
17.7445
17.7333
17.7222
17.7113
17.7006
17.69
17.6796
17.6694
17.6595
17.6501
17.6412
17.6329
17.6255
17.6189
17.6131
17.6077
17.602
17.5941
17.5805
17.5557
17.5077
4.29805
4.23946
4.18522
4.12989
4.07233
4.01191
3.95063
3.88852
3.82813
3.77006
3.71722
3.66929
3.62711
3.58702
3.54661
3.49986
3.4443
3.37672
3.3001
3.21875
3.14278
3.08272
3.05098
3.05748
3.1094
3.20973
3.35652
3.54481
3.76567
4.0103
4.26842
4.53258
4.79586
5.05497
5.30773
5.55468
5.79699
6.03697
6.27691
6.51893
6.76484
7.01561
7.27207
7.53403
7.80148
8.07356
8.34978
8.62901
8.91063
9.19349
9.47696
9.76001
10.042
10.3221
10.5998
10.8742
11.1448
11.411
11.6725
11.9286
12.1791
12.4236
12.6617
12.8934
13.1183
13.3365
13.5477
13.752
13.9493
14.1397
14.3232
14.4999
14.67
14.8336
14.9908
15.1419
15.2868
15.426
15.5592
15.6869
15.8089
15.9257
16.0371
16.1435
16.2448
16.3414
16.433
16.5203
16.6029
16.6814
16.7556
16.826
16.8925
16.9557
17.0154
17.0724
17.1261
17.1775
17.2259
17.2721
17.3155
17.3569
17.3957
17.4328
17.4676
17.5011
17.5328
17.5634
17.5925
17.6207
17.6474
17.6732
17.6976
17.7213
17.7436
17.7653
17.7858
17.8057
17.8245
17.8422
17.8586
17.8737
17.8871
17.8992
17.9097
17.9188
17.9268
17.9339
17.9403
17.9461
17.9514
17.956
17.9599
17.9631
17.9655
17.9669
17.9673
17.9665
17.9645
17.9612
17.9565
17.9505
17.9432
17.9347
17.9252
17.9147
17.9036
17.8919
17.8798
17.8675
17.8549
17.8423
17.8297
17.8172
17.8047
17.7924
17.7804
17.7685
17.7569
17.7456
17.7346
17.7239
17.7134
17.7033
17.6934
17.6839
17.6748
17.6662
17.6584
17.6515
17.6458
17.6415
17.6389
17.6381
17.6392
17.6417
17.6442
17.6433
17.6337
17.5998
4.35794
4.30852
4.26204
4.21655
4.16949
4.12201
4.07401
4.02763
3.98319
3.94346
3.90863
3.88059
3.85701
3.83654
3.81331
3.78398
3.74276
3.68942
3.624
3.55356
3.48592
3.43342
3.40697
3.41715
3.4707
3.57024
3.71454
3.89758
4.11208
4.34786
4.59664
4.8496
5.10159
5.34817
5.58839
5.822
6.0508
6.27672
6.50221
6.72941
6.95997
7.19521
7.43559
7.68151
7.93252
8.18837
8.44817
8.7114
8.97704
9.2445
9.51282
9.7814
10.0494
10.3163
10.5813
10.8438
11.1034
11.3595
11.6116
11.8592
12.1021
12.3397
12.572
12.7984
13.0189
13.2333
13.4414
13.6431
13.8384
14.0273
14.2099
14.3861
14.5563
14.7204
14.8786
15.0309
15.1777
15.3188
15.4545
15.5847
15.7096
15.8293
15.9439
16.0533
16.158
16.2577
16.3529
16.4433
16.5294
16.6109
16.6886
16.762
16.8318
16.8978
16.9607
17.0203
17.0771
17.1308
17.182
17.2303
17.2763
17.3195
17.3606
17.3992
17.436
17.4709
17.5045
17.5367
17.5678
17.5975
17.6262
17.6535
17.6797
17.7047
17.7285
17.7512
17.7728
17.7935
17.8131
17.8314
17.8483
17.8638
17.8778
17.8903
17.9013
17.911
17.9195
17.9271
17.9341
17.9405
17.9464
17.9516
17.9561
17.9599
17.9628
17.9647
17.9656
17.9653
17.9637
17.9609
17.9567
17.9511
17.9442
17.936
17.9267
17.9164
17.9054
17.8937
17.8816
17.8691
17.8565
17.8437
17.8309
17.8181
17.8055
17.7931
17.7809
17.769
17.7574
17.7462
17.7354
17.7249
17.7149
17.7053
17.6961
17.6874
17.6794
17.6721
17.6658
17.6609
17.6576
17.6564
17.6578
17.6621
17.6699
17.6811
17.695
17.7086
17.7176
17.7015
4.4139
4.37049
4.33028
4.29091
4.25203
4.21296
4.17559
4.14016
4.10902
4.08245
4.06253
4.04781
4.03781
4.02753
4.01373
3.98982
3.95387
3.9032
3.84211
3.77546
3.71419
3.66837
3.64994
3.6675
3.72711
3.83063
3.97544
4.1565
4.36521
4.59361
4.83237
5.07515
5.31584
5.55191
5.78149
6.00533
6.2245
6.4412
6.65747
6.87529
7.0963
7.32151
7.55166
7.78682
8.02698
8.27159
8.52024
8.77211
9.02665
9.28301
9.54059
9.79862
10.0565
10.3136
10.5693
10.8231
11.0744
11.3227
11.5677
11.8089
12.0459
12.2783
12.5059
12.7284
12.9454
13.1568
13.3623
13.562
13.7556
13.9432
14.1248
14.3005
14.4704
14.6347
14.7933
14.9466
15.0945
15.2371
15.3744
15.5065
15.6334
15.7553
15.8721
15.984
16.091
16.1932
16.2907
16.3837
16.4722
16.5564
16.6363
16.7123
16.7844
16.853
16.918
16.98
17.0389
17.0949
17.1479
17.1983
17.2459
17.2909
17.3334
17.3736
17.4116
17.4479
17.4827
17.5162
17.5485
17.5796
17.6095
17.6382
17.6657
17.6919
17.7168
17.7404
17.7629
17.7842
17.8043
17.8231
17.8404
17.8563
17.8706
17.8835
17.8948
17.9049
17.9138
17.9219
17.9293
17.9362
17.9425
17.9481
17.9531
17.9572
17.9605
17.9628
17.9641
17.9642
17.9631
17.9606
17.9569
17.9517
17.9452
17.9374
17.9284
17.9184
17.9074
17.8958
17.8836
17.8711
17.8582
17.8452
17.8322
17.8193
17.8064
17.7938
17.7815
17.7694
17.7578
17.7466
17.7359
17.7256
17.7159
17.7067
17.6981
17.6901
17.6829
17.6768
17.6719
17.6686
17.6674
17.6688
17.6736
17.6825
17.6962
17.7153
17.7399
17.7679
17.7963
17.7992
4.45947
4.42073
4.38401
4.34902
4.31476
4.28189
4.2514
4.22501
4.20383
4.18922
4.181
4.17835
4.17782
4.17536
4.16516
4.14306
4.10566
4.05391
3.99133
3.92599
3.86763
3.82765
3.81616
3.84124
3.90738
4.01518
4.16172
4.34104
4.54562
4.76716
4.99804
5.23182
5.46384
5.69133
5.91319
6.12979
6.34232
6.55266
6.76266
6.97419
7.18864
7.40709
7.63014
7.85799
8.09057
8.32752
8.56836
8.81247
9.05924
9.30794
9.55794
9.80856
10.0592
10.3092
10.5582
10.8054
11.0505
11.2931
11.5326
11.7688
12.0013
12.2298
12.4538
12.6732
12.8875
13.0966
13.3003
13.4983
13.6907
13.8773
14.0582
14.2334
14.4032
14.5675
14.7266
14.8805
15.0292
15.1729
15.3115
15.4451
15.5736
15.6971
15.8157
15.9293
16.0382
16.1423
16.2417
16.3366
16.427
16.5131
16.595
16.6728
16.7469
16.8173
16.8843
16.9481
17.0088
17.0665
17.1213
17.1732
17.2223
17.2687
17.3125
17.3538
17.3929
17.4302
17.4659
17.5003
17.5335
17.5656
17.5965
17.6262
17.6547
17.6818
17.7076
17.7319
17.755
17.7768
17.7974
17.8165
17.8341
17.8502
17.8648
17.878
17.8897
17.9001
17.9094
17.9177
17.9255
17.9327
17.9393
17.9453
17.9505
17.955
17.9586
17.9611
17.9627
17.9631
17.9623
17.9602
17.9569
17.9522
17.9461
17.9387
17.9301
17.9203
17.9096
17.898
17.8858
17.8731
17.8601
17.8469
17.8336
17.8204
17.8073
17.7945
17.782
17.7698
17.7581
17.7468
17.7361
17.726
17.7165
17.7076
17.6994
17.692
17.6856
17.6803
17.6766
17.6747
17.6752
17.6789
17.6866
17.6992
17.718
17.7441
17.7786
17.8202
17.8685
17.8903
4.49822
4.46297
4.42851
4.39603
4.36408
4.33447
4.30782
4.28719
4.27311
4.26778
4.26952
4.27744
4.28583
4.29066
4.28425
4.26365
4.22475
4.17088
4.10544
4.03879
3.9801
3.94178
3.93276
3.96083
4.02947
4.13848
4.28494
4.46215
4.66368
4.88064
5.10694
5.33548
5.56289
5.78559
6.00326
6.21547
6.42382
6.62961
6.83492
7.04137
7.25049
7.4634
7.68071
7.90285
8.12965
8.361
8.59628
8.83506
9.07655
9.32016
9.56511
9.8108
10.0565
10.3017
10.5459
10.7885
11.029
11.2672
11.5027
11.7351
11.9641
12.1895
12.4108
12.6278
12.8401
13.0475
13.2498
13.4467
13.6382
13.8242
14.0047
14.1798
14.3495
14.5141
14.6736
14.828
14.9775
15.122
15.2616
15.3963
15.5261
15.651
15.7709
15.886
15.9964
16.1019
16.2029
16.2992
16.3911
16.4787
16.5621
16.6415
16.717
16.789
16.8575
16.9228
16.985
17.0442
17.1004
17.1537
17.2041
17.2517
17.2965
17.3388
17.3788
17.4168
17.4532
17.4883
17.5222
17.5549
17.5865
17.6169
17.6461
17.6739
17.7003
17.7252
17.7487
17.7709
17.7917
17.811
17.8289
17.8453
17.8601
17.8735
17.8855
17.8961
17.9057
17.9144
17.9223
17.9298
17.9366
17.9428
17.9483
17.9529
17.9567
17.9595
17.9612
17.9618
17.9613
17.9596
17.9566
17.9523
17.9467
17.9397
17.9315
17.922
17.9114
17.8999
17.8877
17.875
17.8618
17.8484
17.8349
17.8214
17.8081
17.795
17.7823
17.7699
17.7581
17.7467
17.736
17.726
17.7166
17.7079
17.7001
17.6932
17.6874
17.6828
17.68
17.6793
17.6813
17.6868
17.6968
17.7126
17.7357
17.7679
17.811
17.8651
17.933
17.9725
4.52464
4.49151
4.45961
4.42825
4.39809
4.36901
4.34413
4.32493
4.31484
4.31409
4.32356
4.33928
4.35769
4.37065
4.37298
4.35748
4.32347
4.27045
4.20581
4.13673
4.07588
4.03334
4.02029
4.04348
4.10718
4.21163
4.35337
4.52741
4.72569
4.94153
5.16661
5.39571
5.62318
5.84676
6.0642
6.27595
6.48242
6.68556
6.88701
7.08887
7.29275
7.50007
7.71179
7.92837
8.15003
8.37651
8.60748
8.84226
9.0802
9.32047
9.56231
9.80494
10.0477
10.2898
10.5309
10.7703
11.0078
11.2428
11.4753
11.7048
11.9312
12.1542
12.3734
12.5886
12.7994
13.0056
13.2069
13.4032
13.5942
13.7799
13.9604
14.1355
14.3055
14.4705
14.6304
14.7855
14.9357
15.081
15.2215
15.3572
15.488
15.614
15.7352
15.8515
15.963
16.0698
16.172
16.2696
16.3627
16.4515
16.536
16.6166
16.6934
16.7665
16.8363
16.9029
16.9663
17.0267
17.0841
17.1386
17.1901
17.2387
17.2844
17.3275
17.3682
17.4069
17.4438
17.4794
17.5137
17.5468
17.5788
17.6096
17.6393
17.6675
17.6943
17.7196
17.7433
17.7657
17.7868
17.8063
17.8244
17.8409
17.856
17.8696
17.8818
17.8927
17.9025
17.9114
17.9196
17.9271
17.9341
17.9404
17.946
17.9508
17.9547
17.9576
17.9596
17.9603
17.9601
17.9585
17.9559
17.9519
17.9467
17.9401
17.9323
17.9231
17.9128
17.9015
17.8894
17.8765
17.8632
17.8496
17.8359
17.8222
17.8086
17.7953
17.7824
17.7698
17.7579
17.7464
17.7357
17.7256
17.7163
17.7078
17.7003
17.6937
17.6884
17.6844
17.6824
17.6825
17.6857
17.6927
17.7047
17.723
17.7497
17.7868
17.8374
17.9026
17.9892
18.0438
4.55095
4.52101
4.49074
4.46136
4.43157
4.40281
4.37639
4.35597
4.34371
4.34273
4.35273
4.37268
4.39688
4.41967
4.43229
4.42944
4.40577
4.36266
4.30295
4.236
4.17147
4.12202
4.09792
4.10835
4.15855
4.25018
4.38167
4.54784
4.74247
4.95724
5.18496
5.41806
5.65141
5.88033
6.10289
6.31782
6.52595
6.72845
6.92756
7.12535
7.32407
7.5255
7.73108
7.9417
8.1578
8.37942
8.60621
8.83758
9.07273
9.31075
9.55069
9.79163
10.0327
10.2732
10.5126
10.7502
10.9856
11.2187
11.4491
11.6766
11.901
12.1222
12.3398
12.5537
12.7634
12.9687
13.1694
13.3653
13.5562
13.742
13.9226
14.0982
14.2687
14.4342
14.5948
14.7505
14.9014
15.0476
15.1889
15.3255
15.4572
15.5842
15.7064
15.8238
15.9364
16.0443
16.1475
16.2461
16.3402
16.43
16.5155
16.597
16.6747
16.7488
16.8195
16.8871
16.9515
17.0129
17.0713
17.1268
17.1792
17.2287
17.2753
17.319
17.3603
17.3995
17.4368
17.4727
17.5072
17.5406
17.5728
17.6039
17.6338
17.6623
17.6893
17.7147
17.7386
17.7612
17.7823
17.802
17.8202
17.837
17.8522
17.866
17.8785
17.8896
17.8995
17.9086
17.9168
17.9244
17.9315
17.9378
17.9435
17.9484
17.9525
17.9555
17.9576
17.9585
17.9584
17.957
17.9546
17.9509
17.9461
17.9399
17.9325
17.9236
17.9136
17.9024
17.8904
17.8775
17.8642
17.8504
17.8365
17.8226
17.8089
17.7954
17.7823
17.7696
17.7575
17.7459
17.7351
17.725
17.7157
17.7073
17.7
17.6936
17.6887
17.6852
17.6838
17.6847
17.6889
17.697
17.7105
17.7309
17.7604
17.8016
17.8582
17.9328
18.0365
18.1034
4.55715
4.52961
4.50259
4.47584
4.44871
4.42132
4.39523
4.37283
4.35737
4.35178
4.3581
4.37592
4.40231
4.43139
4.4559
4.46809
4.46234
4.43581
4.3901
4.33111
4.26805
4.2125
4.17612
4.16949
4.20034
4.2729
4.38762
4.54137
4.72841
4.94104
5.17106
5.41043
5.65197
5.89026
6.12138
6.34359
6.55656
6.76147
6.9603
7.1556
7.34996
7.5458
7.7451
7.94934
8.15939
8.37561
8.59787
8.82563
9.05806
9.29411
9.53268
9.77263
10.013
10.2528
10.4913
10.7281
10.9626
11.1945
11.4236
11.6498
11.873
12.093
12.3095
12.5223
12.7312
12.9359
13.1363
13.332
13.523
13.709
13.8901
14.0662
14.2374
14.4037
14.565
14.7216
14.8733
15.0202
15.1623
15.2997
15.4323
15.5602
15.6833
15.8016
15.9152
16.024
16.1282
16.2277
16.3226
16.4132
16.4995
16.5817
16.6601
16.7349
16.8063
16.8746
16.9398
17.0021
17.0613
17.1175
17.1708
17.221
17.2682
17.3126
17.3544
17.3939
17.4316
17.4675
17.5023
17.5357
17.5681
17.5992
17.6293
17.6578
17.6851
17.7104
17.7344
17.757
17.7782
17.798
17.8163
17.8332
17.8486
17.8626
17.8752
17.8865
17.8966
17.9058
17.9142
17.9217
17.9289
17.9351
17.941
17.9458
17.9501
17.9531
17.9554
17.9563
17.9565
17.9552
17.9531
17.9495
17.9451
17.9391
17.9321
17.9235
17.9139
17.9029
17.891
17.8781
17.8648
17.8509
17.8369
17.8229
17.809
17.7953
17.7821
17.7693
17.757
17.7454
17.7345
17.7243
17.7151
17.7067
17.6995
17.6933
17.6887
17.6856
17.6846
17.6861
17.691
17.7001
17.7147
17.7367
17.7683
17.8126
17.8741
17.9562
18.0748
18.1511
4.58432
4.55834
4.53167
4.50515
4.4786
4.45182
4.42541
4.40099
4.38091
4.36844
4.36633
4.37633
4.39751
4.42653
4.45707
4.48189
4.49348
4.48658
4.45952
4.4146
4.359
4.30251
4.2572
4.23481
4.24556
4.29654
4.39089
4.52802
4.70345
4.91041
5.14026
5.38414
5.63363
5.88161
6.12288
6.35427
6.57463
6.78446
6.9856
7.18062
7.37249
7.56411
7.75803
7.9563
8.16036
8.37098
8.58835
8.81212
9.04148
9.27534
9.51243
9.75148
9.99127
10.2308
10.4691
10.7055
10.9396
11.171
11.3996
11.6251
11.8476
12.0667
12.2825
12.4947
12.7031
12.9074
13.1075
13.3033
13.4944
13.6808
13.8623
14.0391
14.211
14.3781
14.5403
14.6976
14.8502
14.9979
15.1408
15.279
15.4124
15.541
15.6649
15.7841
15.8984
16.0081
16.113
16.2133
16.309
16.4002
16.4871
16.5699
16.6489
16.7242
16.7961
16.865
16.9308
16.9936
17.0534
17.1103
17.1642
17.215
17.2627
17.3076
17.3498
17.3897
17.4276
17.4637
17.4985
17.5319
17.5644
17.5955
17.6256
17.6542
17.6815
17.7068
17.7307
17.7533
17.7746
17.7945
17.8129
17.8298
17.8454
17.8596
17.8724
17.8838
17.8941
17.9034
17.9119
17.9192
17.9264
17.9325
17.9386
17.9434
17.9479
17.9509
17.9535
17.9544
17.9548
17.9535
17.9517
17.9482
17.9441
17.9382
17.9316
17.9232
17.9138
17.903
17.8913
17.8785
17.8652
17.8513
17.8372
17.8231
17.8091
17.7954
17.782
17.7691
17.7567
17.745
17.734
17.7238
17.7145
17.7061
17.699
17.6929
17.6885
17.6856
17.685
17.6869
17.6924
17.7021
17.7176
17.7407
17.7738
17.8204
17.8852
17.9729
18.1037
18.1875
4.5674
4.54647
4.52366
4.50007
4.47679
4.45387
4.43122
4.40918
4.38931
4.37385
4.36602
4.36844
4.38274
4.40767
4.43957
4.4719
4.49715
4.50817
4.50017
4.47259
4.42929
4.37825
4.33048
4.29838
4.29378
4.3262
4.40159
4.52162
4.68387
4.88245
5.10911
5.35445
5.60907
5.86459
6.11466
6.35475
6.58288
6.79871
7.00377
7.20046
7.39195
7.58135
7.77166
7.9654
8.1645
8.3702
8.58304
8.80291
9.02914
9.26064
9.49608
9.73407
9.97323
10.2124
10.4505
10.6869
10.9209
11.1521
11.3805
11.6057
11.8278
12.0465
12.2618
12.4736
12.6816
12.8857
13.0857
13.2814
13.4726
13.6593
13.8413
14.0185
14.1911
14.3588
14.5217
14.6798
14.8331
14.9816
15.1252
15.264
15.398
15.5272
15.6518
15.7716
15.8865
15.9969
16.1024
16.2033
16.2995
16.3913
16.4786
16.562
16.6412
16.7171
16.7892
16.8584
16.9246
16.9879
17.0481
17.1055
17.1598
17.211
17.2592
17.3045
17.347
17.3872
17.4254
17.4613
17.4964
17.5296
17.5622
17.5931
17.6235
17.6518
17.6794
17.7043
17.7283
17.751
17.7722
17.7921
17.8106
17.8276
17.8433
17.8576
17.8705
17.882
17.8924
17.9018
17.9105
17.9175
17.9249
17.9307
17.937
17.9416
17.9464
17.9493
17.9522
17.953
17.9537
17.9522
17.9507
17.9471
17.9433
17.9375
17.9311
17.9228
17.9138
17.903
17.8916
17.8788
17.8656
17.8516
17.8375
17.8233
17.8092
17.7953
17.7819
17.7689
17.7564
17.7446
17.7336
17.7232
17.7139
17.7055
17.6984
17.6924
17.6881
17.6854
17.685
17.6872
17.693
17.7032
17.7192
17.743
17.7771
17.8252
17.8922
17.9835
18.1231
18.2136
4.60112
4.58125
4.55375
4.52498
4.49881
4.47469
4.45199
4.42992
4.40936
4.3911
4.37825
4.37332
4.3797
4.39768
4.42624
4.45978
4.49197
4.51416
4.52029
4.50701
4.47575
4.43232
4.38647
4.35034
4.33661
4.35639
4.41761
4.52397
4.67468
4.86498
5.08712
5.33162
5.58837
5.84858
6.10453
6.3513
6.5856
6.80689
7.01593
7.21521
7.40766
7.59664
7.78519
7.9762
8.17195
8.37406
8.58339
8.80008
9.0236
9.25293
9.48674
9.72356
9.96196
10.2006
10.4385
10.6747
10.9086
11.1398
11.3681
11.5932
11.8151
12.0336
12.2486
12.4602
12.668
12.8719
13.0718
13.2675
13.4588
13.6456
13.8279
14.0055
14.1784
14.3467
14.5101
14.6688
14.8226
14.9715
15.1156
15.2548
15.3893
15.519
15.644
15.7642
15.8796
15.9903
16.0962
16.1975
16.2941
16.3863
16.474
16.5576
16.6372
16.7132
16.7856
16.855
16.9214
16.9849
17.0454
17.103
17.1576
17.2091
17.2576
17.3031
17.3459
17.3863
17.4245
17.4606
17.4956
17.5288
17.5613
17.5922
17.6225
17.6509
17.6783
17.7032
17.7271
17.7497
17.771
17.7908
17.8093
17.8263
17.842
17.8563
17.8693
17.8809
17.8913
17.9008
17.9094
17.9163
17.9237
17.9294
17.9357
17.9403
17.9452
17.9481
17.951
17.9518
17.9526
17.9512
17.9497
17.9462
17.9425
17.9367
17.9305
17.9223
17.9134
17.9028
17.8914
17.8787
17.8655
17.8515
17.8374
17.8231
17.809
17.7951
17.7816
17.7685
17.756
17.7442
17.7331
17.7227
17.7134
17.7049
17.6978
17.6918
17.6876
17.6849
17.6847
17.687
17.6931
17.7035
17.7198
17.744
17.7786
17.8274
17.8956
17.9888
18.1337
18.2303
4.58329
4.57535
4.54889
4.51931
4.49408
4.47241
4.45219
4.43307
4.41445
4.39739
4.38335
4.3759
4.3779
4.39204
4.41749
4.45117
4.48623
4.51482
4.52945
4.52563
4.50303
4.46599
4.42318
4.38636
4.36847
4.38144
4.43434
4.53211
4.6751
4.85936
5.07759
5.32026
5.57734
5.83929
6.09827
6.34845
6.58638
6.81083
7.02252
7.2236
7.41714
7.60635
7.79433
7.98406
8.17808
8.37821
8.58552
8.80032
9.02217
9.25013
9.48287
9.7189
9.95675
10.1951
10.4327
10.6688
10.9027
11.1339
11.3622
11.5873
11.8091
12.0276
12.2426
12.454
12.6617
12.8656
13.0654
13.2611
13.4524
13.6394
13.8218
13.9996
14.1727
14.3412
14.505
14.6639
14.818
14.9672
15.1116
15.2511
15.3858
15.5157
15.6409
15.7613
15.877
15.9879
16.094
16.1955
16.2923
16.3846
16.4724
16.5562
16.6359
16.7119
16.7844
16.8539
16.9204
16.984
17.0446
17.1022
17.1569
17.2085
17.2571
17.3026
17.3455
17.386
17.4242
17.4603
17.4952
17.5284
17.5608
17.5917
17.6219
17.6502
17.6775
17.7024
17.7262
17.7487
17.77
17.7898
17.8082
17.8252
17.8409
17.8552
17.8682
17.8798
17.8903
17.8999
17.9084
17.9153
17.9226
17.9284
17.9346
17.9392
17.9441
17.9471
17.95
17.9509
17.9517
17.9504
17.9489
17.9454
17.9418
17.936
17.9299
17.9218
17.913
17.9024
17.8911
17.8784
17.8653
17.8513
17.8372
17.8229
17.8088
17.7949
17.7813
17.7682
17.7557
17.7438
17.7327
17.7223
17.7129
17.7044
17.6973
17.6913
17.6871
17.6845
17.6843
17.6867
17.6928
17.7033
17.7197
17.7441
17.7789
17.8279
17.8963
17.9901
18.1366
18.2387
4.59247
4.59115
4.56087
4.52708
4.4999
4.47728
4.45686
4.43768
4.41931
4.40196
4.38722
4.37804
4.37796
4.38963
4.41332
4.44611
4.4818
4.51247
4.53044
4.53062
4.5119
4.47793
4.43688
4.40026
4.38102
4.39137
4.44085
4.53492
4.67442
4.85579
5.07193
5.31344
5.57023
5.83268
6.09269
6.34424
6.58367
6.80957
7.02252
7.22465
7.41899
7.60858
7.79641
7.98559
8.17879
8.37797
8.58432
8.7982
9.01924
9.24653
9.47873
9.71437
9.95196
10.1901
10.4277
10.6638
10.8977
11.129
11.3574
11.5826
11.8045
12.023
12.2381
12.4496
12.6574
12.8614
13.0614
13.2571
13.4486
13.6357
13.8182
13.9962
14.1695
14.3382
14.5021
14.6613
14.8155
14.9649
15.1094
15.2491
15.3839
15.5139
15.6392
15.7597
15.8754
15.9864
16.0927
16.1942
16.2911
16.3834
16.4713
16.5551
16.6349
16.7109
16.7835
16.853
16.9195
16.983
17.0436
17.1013
17.156
17.2077
17.2562
17.3018
17.3447
17.3853
17.4235
17.4596
17.4944
17.5277
17.5601
17.591
17.621
17.6494
17.6766
17.7015
17.7253
17.7479
17.7691
17.7889
17.8073
17.8244
17.8401
17.8544
17.8674
17.879
17.8896
17.8991
17.9076
17.9147
17.9219
17.9277
17.9339
17.9386
17.9434
17.9465
17.9494
17.9504
17.9511
17.9499
17.9484
17.945
17.9413
17.9357
17.9295
17.9215
17.9127
17.9022
17.8909
17.8783
17.8651
17.8512
17.8371
17.8228
17.8086
17.7947
17.7812
17.7681
17.7555
17.7436
17.7324
17.722
17.7126
17.7041
17.697
17.691
17.6868
17.6842
17.684
17.6864
17.6925
17.703
17.7194
17.7437
17.7785
17.8274
17.8958
17.9895
18.1356
18.2402
19.4593
18.7498
17.9184
17.3921
16.9881
16.5886
16.1827
15.7746
15.3582
14.9255
14.4704
13.9874
13.4719
12.9184
12.3215
11.6743
10.9695
10.1985
9.35134
8.41572
7.37749
6.21078
4.91802
3.33833
1.9954
19.0211
18.4918
17.7922
17.3105
16.9255
16.5387
16.1415
15.7389
15.3262
14.896
14.4423
13.9603
13.4453
12.8921
12.2952
11.6479
10.9429
10.1715
9.32387
8.38767
7.34887
6.18114
4.888
3.30635
1.96497
18.6682
18.3105
17.7373
17.2835
16.9028
16.52
16.1259
15.7248
15.3127
14.8825
14.4286
13.9462
13.4308
12.8773
12.28
11.6325
10.9272
10.1555
9.30756
8.37099
7.33194
6.16317
4.87133
3.28455
1.9638
18.3795
18.1125
17.6365
17.2139
16.844
16.472
16.087
15.6921
15.2841
14.8568
14.4048
13.9237
13.4092
12.8563
12.2595
11.6122
10.907
10.1353
9.28729
8.35043
7.31125
6.14119
4.85162
3.25689
1.96813
18.146
17.9289
17.5331
17.147
16.7915
16.4306
16.0542
15.6648
15.2601
14.8348
14.3841
13.9037
13.3897
12.8371
12.2405
11.5932
10.8878
10.1159
9.26748
8.32997
7.29036
6.1184
4.83151
3.22615
1.97727
17.9552
17.7656
17.4299
17.0771
16.7361
16.3857
16.018
15.6346
15.2338
14.8112
14.3624
13.8832
13.3701
12.8182
12.222
11.5749
10.8696
10.0974
9.2485
8.31018
7.26997
6.09569
4.81184
3.19439
1.98981
17.7964
17.6227
17.3311
17.0077
16.6813
16.3414
15.9823
15.605
15.2084
14.7886
14.3418
13.864
13.3519
12.8008
12.2052
11.5584
10.8531
10.0806
9.23122
8.29196
7.25104
6.07428
4.79372
3.16393
2.00496
17.6619
17.4979
17.2385
16.9399
16.6277
16.298
15.9472
15.5761
15.1837
14.7669
14.3223
13.8461
13.3352
12.7851
12.1902
11.5438
10.8385
10.0657
9.21574
8.27545
7.23376
6.0545
4.77743
3.13578
2.0216
17.5461
17.3884
17.1528
16.8749
16.5758
16.2559
15.9131
15.548
15.16
14.7464
14.304
13.8295
13.32
12.7709
12.1768
11.5308
10.8256
10.0525
9.20184
8.26045
7.21798
6.03631
4.76282
3.11017
2.03875
17.4453
17.2919
17.0739
16.8131
16.5261
16.2154
15.8801
15.5209
15.1373
14.7269
14.2869
13.8143
13.3061
12.7582
12.1649
11.5195
10.8143
10.0408
9.18938
8.24683
7.20354
6.01958
4.74969
3.08705
2.05577
17.3567
17.2065
17.0018
16.7551
16.4789
16.1767
15.8485
15.495
15.1157
14.7085
14.2711
13.8003
13.2936
12.7469
12.1545
11.5095
10.8043
10.0303
9.17816
8.23442
7.19031
6.00422
4.73781
3.06628
2.07212
17.2786
17.1307
16.9362
16.7009
16.4343
16.1399
15.8185
15.4704
15.0953
14.6914
14.2564
13.7876
13.2824
12.7369
12.1454
11.5008
10.7956
10.0212
9.1681
8.22312
7.17818
5.99011
4.72701
3.04772
2.08744
17.2093
17.0633
16.8767
16.6508
16.3926
16.1054
15.7902
15.4472
15.0761
14.6754
14.2429
13.776
13.2724
12.7281
12.1375
11.4933
10.7881
10.013
9.15906
8.21285
7.16705
5.97716
4.71713
3.03124
2.10148
17.148
17.0035
16.823
16.6049
16.3538
16.0731
15.7636
15.4254
15.0582
14.6606
14.2306
13.7657
13.2635
12.7205
12.1307
11.487
10.7816
10.0059
9.151
8.20352
7.15684
5.96528
4.70802
3.0167
2.11406
17.0937
16.9504
16.7747
16.5629
16.3182
16.0433
15.7389
15.4052
15.0417
14.6471
14.2194
13.7564
13.2558
12.714
12.125
11.4816
10.7761
9.99975
9.1438
8.19505
7.14746
5.9544
4.69959
3.00405
2.12507
17.0458
16.9035
16.7316
16.5249
16.2856
16.0158
15.7162
15.3866
15.0265
14.6347
14.2093
13.7483
13.2491
12.7084
12.1203
11.4772
10.7715
9.99441
9.13742
8.18738
7.13884
5.94445
4.69174
2.99317
2.13447
17.0039
16.8623
16.6934
16.4908
16.256
15.9908
15.6954
15.3695
15.0126
14.6234
14.2003
13.7411
13.2433
12.7038
12.1164
11.4736
10.7676
9.98986
9.13181
8.18052
7.13102
5.9355
4.68452
2.98425
2.14225
16.9675
16.8264
16.6596
16.4604
16.2296
15.9683
15.6766
15.354
15
14.6133
14.1922
13.7348
13.2385
12.7001
12.1134
11.4709
10.7646
9.98608
9.12696
8.17447
7.124
5.92761
4.67782
2.97789
2.14741
16.9361
16.7951
16.6299
16.4334
16.2058
15.9479
15.6594
15.3397
14.9883
14.6039
14.1847
13.729
13.234
12.6966
12.1106
11.4681
10.7614
9.98202
9.12169
8.16786
7.11615
5.91896
4.66918
2.97223
2.14535
16.9095
16.7683
16.6042
16.4099
16.185
15.9299
15.6441
15.327
14.9778
14.5955
14.1782
13.7241
13.2304
12.694
12.1086
11.4663
10.7592
9.97897
9.11754
8.16251
7.10982
5.91195
4.663
2.96744
2.14915
16.8874
16.7459
16.5825
16.3898
16.167
15.9142
15.6307
15.3158
14.9687
14.5882
14.1725
13.7199
13.2275
12.6921
12.1072
11.465
10.7575
9.9764
9.11388
8.15772
7.10413
5.90557
4.65758
2.9624
2.15372
16.8694
16.7275
16.5645
16.3731
16.152
15.9009
15.6193
15.3062
14.9608
14.5818
14.1677
13.7164
13.2252
12.6907
12.1063
11.4641
10.7561
9.97419
9.11063
8.15338
7.09896
5.89974
4.65267
2.9576
2.15792
16.8552
16.7129
16.5501
16.3594
16.1396
15.89
15.6098
15.2981
14.9541
14.5765
14.1636
13.7136
13.2235
12.6899
12.1059
11.4636
10.7551
9.97234
9.10778
8.14953
7.09438
5.89459
4.64833
2.95323
2.16176
16.8444
16.7017
16.5388
16.3488
16.1298
15.8812
15.6021
15.2915
14.9485
14.572
14.1602
13.7113
13.2224
12.6895
12.1058
11.4634
10.7544
9.97075
9.10525
8.1461
7.09032
5.89003
4.64456
2.94926
2.16531
16.8368
16.6936
16.5307
16.3409
16.1224
15.8745
15.5961
15.2863
14.9441
14.5685
14.1576
13.7097
13.2217
12.6895
12.106
11.4634
10.7538
9.96938
9.10303
8.14312
7.08681
5.88612
4.64135
2.94564
2.16847
16.8321
16.6885
16.5253
16.3357
16.1175
15.8698
15.5918
15.2824
14.9408
14.5658
14.1557
13.7087
13.2215
12.6898
12.1065
11.4635
10.7533
9.96816
9.10106
8.1405
7.08381
5.88278
4.63867
2.94229
2.17129
16.8301
16.6861
16.5228
16.3331
16.1147
15.8671
15.5891
15.2799
14.9386
14.5639
14.1545
13.7082
13.2217
12.6904
12.107
11.4637
10.7529
9.96708
9.09935
8.13829
7.08134
5.88001
4.63657
2.93882
2.17419
16.8307
16.6865
16.523
16.333
16.1143
15.8663
15.5881
15.2787
14.9374
14.563
14.154
13.7082
13.2223
12.6912
12.1077
11.464
10.7526
9.96621
9.09803
8.13668
7.0797
5.87817
4.63567
2.93564
2.17875
16.8338
16.6895
16.5257
16.3353
16.1161
15.8675
15.5887
15.2789
14.9373
14.5629
14.1541
13.7087
13.2231
12.692
12.1082
11.464
10.7521
9.96515
9.09662
8.1351
7.07812
5.87653
4.63434
2.9332
2.17952
16.8394
16.6951
16.5311
16.34
16.12
15.8706
15.5909
15.2804
14.9383
14.5636
14.1549
13.7097
13.2242
12.6929
12.1087
11.4639
10.7515
9.96417
9.09545
8.13395
7.07707
5.87562
4.63336
2.93201
2.17838
16.8474
16.7032
16.539
16.3472
16.1262
15.8756
15.5949
15.2833
14.9405
14.5654
14.1565
13.7112
13.2256
12.6939
12.1092
11.4638
10.7509
9.96341
9.09466
8.13335
7.07667
5.87553
4.63287
2.93181
2.17582
16.8581
16.7142
16.5497
16.357
16.1347
15.8827
15.6005
15.2877
14.9439
14.5681
14.1588
13.7133
13.2272
12.695
12.1096
11.4637
10.7504
9.96275
9.09414
8.13321
7.07684
5.87617
4.63285
2.93259
2.17191
16.8718
16.7281
16.5634
16.3694
16.1456
15.8919
15.608
15.2936
14.9485
14.5719
14.1619
13.7158
13.2291
12.6961
12.11
11.4635
10.7499
9.96231
9.09397
8.13357
7.07759
5.87754
4.6332
2.93421
2.16638
16.8888
16.7454
16.5801
16.3848
16.159
15.9032
15.6173
15.3011
14.9545
14.5766
14.1657
13.7187
13.2312
12.6973
12.1103
11.4633
10.7495
9.96197
9.09404
8.13432
7.0788
5.87955
4.63381
2.93682
2.15907
16.9104
16.7674
16.6015
16.4044
16.1762
15.9178
15.6293
15.3109
14.9623
14.5829
14.1708
13.7226
13.2339
12.6989
12.1111
11.4636
10.7497
9.96248
9.09515
8.13634
7.08143
5.88328
4.63593
2.94164
2.15211
16.9382
16.7955
16.6287
16.4292
16.1979
15.9362
15.6446
15.3233
14.9723
14.5909
14.177
13.7273
13.2372
12.7009
12.1122
11.4641
10.7501
9.96325
9.09658
8.13871
7.08438
5.8873
4.63798
2.94649
2.14246
16.972
16.8293
16.6608
16.4584
16.2235
15.958
15.6626
15.338
14.9842
14.6004
14.1845
13.7329
13.2411
12.7035
12.1137
11.4651
10.7511
9.96477
9.09884
8.142
7.08836
5.8924
4.64101
2.95233
2.13244
17.0124
16.8694
16.6984
16.4923
16.2532
15.9831
15.6834
15.355
14.998
14.6115
14.1931
13.7394
13.2458
12.7067
12.1158
11.4667
10.7528
9.96697
9.10189
8.14619
7.09327
5.89856
4.64495
2.95934
2.12191
17.0601
16.9164
16.7419
16.5311
16.2869
16.0117
15.7071
15.3744
15.0138
14.6241
14.2031
13.747
13.2513
12.7106
12.1187
11.4692
10.7553
9.97013
9.10594
8.1514
7.09926
5.90583
4.64984
2.96742
2.11072
17.1156
16.9709
16.7918
16.5751
16.3247
16.0436
15.7336
15.3962
15.0315
14.6384
14.2143
13.7556
13.2577
12.7154
12.1224
11.4724
10.7588
9.97425
9.111
8.15769
7.10632
5.91425
4.65572
2.97683
2.0991
17.1796
17.0335
16.8484
16.6246
16.3668
16.0789
15.7629
15.4201
15.051
14.6542
14.2269
13.7654
13.2653
12.7213
12.1273
11.4769
10.7634
9.97963
9.11735
8.16524
7.11468
5.92395
4.66278
2.98754
2.0872
17.2527
17.105
16.9123
16.6795
16.4132
16.1175
15.7947
15.4462
15.0723
14.6715
14.2408
13.7765
13.274
12.7283
12.1332
11.4826
10.7693
9.98629
9.12499
8.1741
7.12433
5.93501
4.67111
2.99985
2.07534
17.3359
17.1863
16.9837
16.7399
16.4638
16.1593
15.8289
15.4743
15.0954
14.6903
14.2561
13.7889
13.2841
12.7367
12.1407
11.4898
10.7768
9.99451
9.13423
8.18447
7.13559
5.9476
4.68097
3.01379
2.06358
17.4304
17.2786
17.0631
16.8058
16.5184
16.2042
15.8655
15.5042
15.12
14.7106
14.2728
13.8027
13.2955
12.7466
12.1497
11.4985
10.7859
10.0044
9.14515
8.19655
7.14853
5.96197
4.69237
3.03018
2.05165
17.5448
17.3899
17.1562
16.8814
16.5804
16.2547
15.9064
15.5377
15.1476
14.7338
14.2922
13.819
13.3095
12.759
12.1613
11.51
10.7979
10.0171
9.159
8.21147
7.16449
5.97927
4.70644
3.04992
2.03801
17.6784
17.5183
17.2592
16.9629
16.6466
16.3082
15.9496
15.573
15.177
14.7586
14.3133
13.8373
13.3256
12.7738
12.1754
11.5242
10.8125
10.0327
9.17583
8.22948
7.18383
5.99975
4.72545
3.07
2.03534
17.8179
17.6492
17.3587
17.0397
16.7082
16.3576
15.9892
15.6055
15.2042
14.7818
14.3333
13.8549
13.3413
12.7885
12.1897
11.5386
10.8276
10.0485
9.19296
8.24745
7.20346
6.01997
4.74552
3.08837
2.03852
17.9634
17.7806
17.4526
17.1104
16.7648
16.4026
16.0251
15.6352
15.2291
14.8034
14.3521
13.8716
13.3564
12.8029
12.2037
11.5528
10.8426
10.0641
9.20996
8.26514
7.22284
6.03977
4.76567
3.10636
2.04434
18.1153
17.9101
17.5391
17.1746
16.8156
16.4428
16.0572
15.6619
15.2517
14.8231
14.3693
13.8873
13.3707
12.8166
12.2174
11.5667
10.8572
10.0793
9.22657
8.28208
7.24167
6.05859
4.7854
3.12342
2.05155
18.2726
18.0347
17.6168
17.2315
16.8605
16.4781
16.0853
15.6854
15.2716
14.8408
14.3849
13.9015
13.3839
12.8295
12.2303
11.5798
10.8711
10.0935
9.24217
8.29783
7.2592
6.07592
4.8038
3.13911
2.05951
18.4329
18.1505
17.6841
17.2806
16.8989
16.5081
16.1093
15.7056
15.2889
14.8563
14.3986
13.9143
13.3958
12.8412
12.2421
11.5917
10.8839
10.1064
9.25636
8.31181
7.27498
6.09111
4.82039
3.15245
2.06768
18.5905
18.2534
17.7406
17.3218
16.9307
16.5331
16.1292
15.7227
15.3035
14.8697
14.4105
13.9255
13.4062
12.8516
12.2526
11.6023
10.8952
10.1176
9.26873
8.32382
7.28859
6.10398
4.83478
3.16342
2.07593
18.738
18.3403
17.7862
17.3553
16.9565
16.5536
16.1457
15.7371
15.3159
14.8812
14.4208
13.9354
13.4155
12.8607
12.2618
11.6115
10.9049
10.1272
9.27934
8.33396
7.30019
6.11478
4.84723
3.17243
2.08449
18.8678
18.4102
17.8223
17.3823
16.9774
16.5706
16.1595
15.7496
15.3266
14.8914
14.4297
13.9441
13.4236
12.8688
12.2699
11.6195
10.9135
10.1355
9.28854
8.34262
7.31027
6.12402
4.85833
3.18037
2.0938
18.975
18.465
17.8514
17.4041
16.9946
16.5849
16.1715
15.7603
15.3361
14.9001
14.4377
13.9518
13.4309
12.876
12.2771
11.6267
10.921
10.143
9.29673
8.3506
7.31928
6.13265
4.86848
3.18856
2.10458
19.0567
18.5082
17.8756
17.4217
17.0086
16.5965
16.1815
15.7691
15.344
14.9076
14.4447
13.9586
13.4376
12.8827
12.284
11.6337
10.9283
10.1504
9.30464
8.35864
7.32805
6.1415
4.8785
3.1978
2.1178
19.1065
18.539
17.895
17.4356
17.0199
16.606
16.19
15.7768
15.3514
14.9146
14.4516
13.9654
13.4445
12.8895
12.291
11.6408
10.9357
10.158
9.3125
8.36688
7.33663
6.15049
4.88831
3.20713
2.13301
)
;

boundaryField
{
    inlet
    {
        type            zeroGradient;
    }
    outlet
    {
        type            fixedValue;
        value           uniform 0;
    }
    upperWall
    {
        type            zeroGradient;
    }
    lowerWall
    {
        type            zeroGradient;
    }
    frontAndBack
    {
        type            empty;
    }
}


// ************************************************************************* //
