/*--------------------------------*- C++ -*----------------------------------*\
| =========                 |                                                 |
| \\      /  F ield         | OpenFOAM: The Open Source CFD Toolbox           |
|  \\    /   O peration     | Version:  2.3.1                                 |
|   \\  /    A nd           | Web:      www.OpenFOAM.org                      |
|    \\/     M anipulation  |                                                 |
\*---------------------------------------------------------------------------*/
FoamFile
{
    version     2.0;
    format      ascii;
    class       volScalarField;
    location    "50";
    object      UpointU;
}
// * * * * * * * * * * * * * * * * * * * * * * * * * * * * * * * * * * * * * //

dimensions      [0 2 -2 0 0 0 0];

internalField   nonuniform List<scalar> 
12225
(
98.3518
95.3691
91.1526
86.9806
83.2402
79.8736
76.8161
74.0325
71.4927
69.1668
67.0262
65.0447
63.1974
61.4595
59.8043
58.2002
56.5378
55.1585
100.869
100.626
99.8624
98.8978
97.9285
96.9325
95.8914
94.8151
93.7171
92.6061
91.4865
90.3596
89.2229
88.0697
86.8876
85.6597
84.3904
83.1197
99.8571
100.037
100.338
100.459
100.5
100.476
100.385
100.236
100.039
99.8006
99.5227
99.2048
98.844
98.4342
97.9661
97.4281
96.8203
96.0658
99.9983
100.241
100.601
100.794
100.918
101.012
101.073
101.105
101.11
101.091
101.047
100.974
100.869
100.727
100.54
100.301
100.009
99.603
100.044
100.281
100.588
100.778
100.92
101.047
101.152
101.235
101.297
101.34
101.362
101.361
101.334
101.278
101.188
101.061
100.894
100.652
100.049
100.256
100.523
100.716
100.869
101.007
101.125
101.224
101.305
101.368
101.414
101.442
101.448
101.432
101.393
101.328
101.24
101.119
100.042
100.215
100.449
100.639
100.795
100.935
101.059
101.165
101.256
101.332
101.393
101.439
101.469
101.483
101.483
101.47
101.45
101.428
100.036
100.184
100.39
100.57
100.724
100.864
100.99
101.101
101.198
101.282
101.354
101.414
101.462
101.5
101.531
101.559
101.592
101.645
100.032
100.159
100.341
100.511
100.661
100.799
100.925
101.039
101.141
101.231
101.312
101.384
101.447
101.505
101.562
101.624
101.701
101.812
100.028
100.136
100.294
100.451
100.595
100.729
100.855
100.97
101.076
101.173
101.263
101.346
101.426
101.505
101.588
101.684
101.803
101.964
100.024
100.115
100.251
100.394
100.53
100.659
100.783
100.899
101.008
101.112
101.21
101.307
101.403
101.503
101.613
101.741
101.897
102.1
100.021
100.096
100.213
100.341
100.468
100.593
100.713
100.83
100.942
101.052
101.16
101.269
101.381
101.502
101.637
101.793
101.98
102.213
100.017
100.08
100.18
100.295
100.413
100.532
100.65
100.767
100.882
100.997
101.114
101.235
101.363
101.502
101.657
101.835
102.042
102.292
100.015
100.068
100.153
100.256
100.366
100.48
100.595
100.711
100.83
100.95
101.074
101.205
101.345
101.497
101.666
101.857
102.073
102.326
100.013
100.058
100.133
100.225
100.328
100.436
100.549
100.665
100.785
100.909
101.039
101.176
101.323
101.482
101.656
101.847
102.059
102.3
100.011
100.051
100.118
100.202
100.299
100.402
100.513
100.628
100.748
100.873
101.004
101.143
101.29
101.447
101.615
101.797
101.992
102.207
100.01
100.046
100.108
100.187
100.279
100.379
100.486
100.599
100.717
100.84
100.968
101.101
101.241
101.388
101.541
101.701
101.869
102.049
100.01
100.045
100.104
100.181
100.27
100.368
100.472
100.582
100.696
100.814
100.934
101.058
101.185
101.315
101.447
101.581
101.716
101.857
100.01
100.045
100.106
100.183
100.273
100.37
100.473
100.581
100.691
100.802
100.915
101.028
101.142
101.254
101.366
101.475
101.582
101.69
100.01
100.048
100.111
100.193
100.285
100.384
100.488
100.594
100.701
100.808
100.914
101.018
101.12
101.218
101.313
101.403
101.487
101.57
100.011
100.051
100.121
100.209
100.306
100.409
100.514
100.62
100.726
100.83
100.93
101.028
101.12
101.208
101.289
101.364
101.431
101.496
100.011
100.055
100.134
100.231
100.335
100.443
100.551
100.658
100.763
100.865
100.962
101.053
101.139
101.218
101.289
101.352
101.407
101.456
100.01
100.058
100.149
100.259
100.371
100.483
100.595
100.704
100.809
100.909
101.003
101.091
101.172
101.244
101.308
101.362
101.407
101.446
100.006
100.057
100.164
100.288
100.408
100.525
100.64
100.75
100.854
100.953
101.044
101.128
101.204
101.272
101.33
101.378
101.415
101.444
99.997
100.05
100.181
100.318
100.442
100.563
100.68
100.79
100.893
100.989
101.077
101.157
101.229
101.291
101.344
101.386
101.418
101.442
99.9688
100.017
100.183
100.329
100.451
100.571
100.687
100.796
100.897
100.99
101.074
101.15
101.216
101.273
101.32
101.356
101.38
101.392
99.8963
99.9195
100.151
100.325
100.451
100.565
100.669
100.762
100.845
100.92
100.985
101.042
101.088
101.126
101.153
101.169
101.174
101.169
99.7045
99.6405
99.8883
100.082
100.23
100.351
100.442
100.503
100.541
100.56
100.562
100.549
100.522
100.481
100.428
100.363
100.285
100.187
100.374
100.312
100.057
99.7159
99.4156
99.131
98.827
98.4963
98.1421
97.7679
97.3763
96.9701
96.5524
96.1263
95.6945
95.2591
94.8236
94.3753
99.9188
99.4004
97.4891
95.1942
92.9519
90.8096
88.7606
86.8128
84.9731
83.2418
81.6151
80.0879
78.6544
77.3089
76.0459
74.8599
73.7498
72.682
0.184515
0.299699
0.525855
0.868027
1.29253
1.78062
2.31549
2.88302
3.47148
4.07103
4.67357
5.27222
5.86139
6.43634
6.99321
7.52854
8.03894
8.52078
8.97014
9.38316
9.75634
10.0868
10.3719
10.6092
10.7957
10.9275
11.0006
11.0118
10.9636
10.856
10.6897
10.4667
10.1898
9.86298
9.49086
9.07895
8.63333
8.16055
7.66735
7.16038
6.64597
6.12989
5.61742
5.1133
4.62172
4.14633
3.69021
3.25607
2.84612
2.46219
2.10569
1.77768
1.47852
1.20801
0.965628
0.751285
0.564985
0.406782
0.276816
0.175409
0.10011
0.0482768
0.018206
0.0201754
0.0511843
0.109871
0.194693
0.304045
0.436367
0.590124
0.763855
0.956122
1.16556
1.3908
1.63055
1.88354
2.14853
2.42431
2.70975
3.00371
3.30512
3.61292
3.92612
4.24372
4.56479
4.88838
5.21364
5.53971
5.86585
6.19128
6.51548
6.8379
7.15786
7.47472
7.78792
8.09701
8.40166
8.70161
8.99663
9.28652
9.57106
9.85003
10.1231
10.3902
10.6507
10.9046
11.1515
11.3911
11.6233
11.8477
12.0644
12.2732
12.4741
12.6672
12.8527
13.0306
13.2011
13.3646
13.5212
13.6711
13.8147
13.952
14.0834
14.2088
14.3286
14.4427
14.5515
14.6548
14.7531
14.8462
14.9345
15.018
15.0972
15.1723
15.2435
15.3111
15.375
15.4354
15.4925
15.5465
15.5977
15.6465
15.6926
15.736
15.7765
15.8139
15.8481
15.8789
15.9063
15.9304
15.951
15.9684
15.9826
15.9939
16.0023
16.0081
16.0114
16.0123
16.011
16.0074
16.0014
15.9928
15.9815
15.9669
15.9487
15.9262
15.8984
15.8645
15.8229
15.772
15.7094
15.6319
15.5354
15.4137
15.2581
15.0553
14.7842
14.4048
13.8708
12.6245
0.603848
0.700651
0.809599
0.990234
1.24153
1.55416
1.91617
2.31586
2.74287
3.18824
3.64436
4.10473
4.56386
5.01699
5.46004
5.88933
6.30134
6.69254
7.05921
7.39753
7.70377
7.97458
8.20705
8.39859
8.5465
8.64774
8.69898
8.69809
8.64544
8.54097
8.38557
8.18108
7.93029
7.63687
7.30532
6.94083
6.54913
6.13626
5.70836
5.2714
4.83102
4.39229
3.95977
3.53748
3.129
2.73754
2.36605
2.01726
1.69357
1.39701
1.12908
0.890768
0.682567
0.504449
0.35604
0.237154
0.148189
0.0891262
0.0612616
0.0669072
0.103967
0.170145
0.264208
0.384355
0.529556
0.699072
0.89184
1.10662
1.3421
1.59693
1.8698
2.15937
2.46434
2.78344
3.11543
3.4591
3.81329
4.17686
4.54872
4.92783
5.31316
5.70374
6.09862
6.49688
6.89764
7.30003
7.70327
8.1066
8.5093
8.91072
9.31037
9.70772
10.1022
10.4931
10.8802
11.2629
11.6411
12.0145
12.3831
12.7466
13.1048
13.4577
13.8049
14.1463
14.4815
14.8103
15.1324
15.4475
15.7555
16.0562
16.3494
16.6351
16.9132
17.1838
17.447
17.703
17.9518
18.1936
18.4287
18.6571
18.8791
19.0948
19.3043
19.5077
19.7052
19.8966
20.0822
20.262
20.4361
20.6046
20.7675
20.925
21.0773
21.2247
21.3673
21.5053
21.6385
21.7671
21.891
22.0104
22.1249
22.2341
22.3381
22.4369
22.5306
22.6195
22.7035
22.7824
22.8562
22.9249
22.9886
23.0473
23.1012
23.1504
23.1952
23.2357
23.2721
23.3046
23.3331
23.3577
23.3783
23.3947
23.4065
23.4134
23.4147
23.4097
23.3974
23.3764
23.3452
23.3015
23.2424
23.1641
23.0612
22.9262
22.7483
22.5109
22.1887
21.7366
21.1169
19.9429
1.37392
1.47484
1.48135
1.51635
1.59997
1.7344
1.91567
2.13757
2.39353
2.67725
2.98289
3.30505
3.63875
3.97933
4.32243
4.66384
4.99946
5.32517
5.63674
5.92989
6.20032
6.4439
6.6568
6.83557
6.9769
7.07755
7.13434
7.14431
7.10703
7.02225
6.89073
6.71418
6.4953
6.23769
5.94578
5.62467
5.27994
4.91748
4.54313
4.16254
3.78092
3.40292
3.03263
2.67364
2.32921
2.00234
1.69588
1.41261
1.15506
0.925363
0.725078
0.555093
0.415818
0.307338
0.229485
0.182412
0.168075
0.185985
0.235156
0.31425
0.421621
0.555615
0.714916
0.898293
1.10477
1.33343
1.58328
1.85316
2.14187
2.44817
2.7708
3.10852
3.46009
3.82429
4.19995
4.58591
4.98106
5.38432
5.79463
6.21099
6.63243
7.05799
7.48677
7.91789
8.3505
8.78377
9.21696
9.64936
10.0803
10.5091
10.9354
11.3586
11.7782
12.1936
12.6044
13.0104
13.4112
13.8069
14.1971
14.5819
14.961
15.3343
15.7016
16.0627
16.4173
16.7652
17.1061
17.4399
17.7664
18.0855
18.397
18.7011
18.9976
19.2867
19.5684
19.8431
20.1107
20.3716
20.6258
20.8736
21.1151
21.3505
21.5799
21.8033
22.021
22.233
22.4393
22.6402
22.8356
23.0257
23.2106
23.3904
23.5654
23.7358
23.9018
24.0634
24.2207
24.3735
24.5221
24.6664
24.8065
24.9422
25.0734
25.1999
25.3216
25.438
25.5493
25.6555
25.7566
25.8528
25.944
26.0305
26.1122
26.1894
26.2623
26.3311
26.3959
26.4569
26.514
26.5673
26.6167
26.662
26.7027
26.7386
26.7691
26.7933
26.8103
26.8189
26.8176
26.8043
26.7763
26.73
26.6607
26.5616
26.4231
26.2316
25.9669
25.5988
25.1182
24.3362
2.25658
2.37166
2.29157
2.20676
2.15139
2.13699
2.16674
2.23957
2.35257
2.50197
2.68361
2.89306
3.12583
3.37735
3.64306
3.91831
4.19842
4.47859
4.75392
5.01939
5.26994
5.50058
5.70655
5.88342
6.02707
6.13362
6.19947
6.22115
6.19755
6.12833
6.01418
5.8569
5.65931
5.42518
5.15916
4.86649
4.55291
4.22428
3.88638
3.54463
3.20395
2.86867
2.54257
2.22899
1.93108
1.65188
1.39431
1.1612
0.955041
0.777789
0.630682
0.514287
0.428678
0.373797
0.350404
0.358465
0.397024
0.464981
0.561154
0.684243
0.832904
1.00589
1.20213
1.42068
1.66064
1.92113
2.20119
2.49977
2.81579
3.14811
3.49557
3.85702
4.23129
4.61723
5.01374
5.41969
5.83403
6.2557
6.68368
7.11699
7.55467
7.99579
8.43945
8.88477
9.33092
9.77708
10.2225
10.6665
11.1084
11.5477
11.9837
12.4161
12.8442
13.2675
13.6857
14.0984
14.5055
14.9068
15.3022
15.6915
16.0746
16.4514
16.8216
17.185
17.5415
17.8907
18.2324
18.5667
18.8932
19.2119
19.5228
19.8259
20.1214
20.4092
20.6895
20.9625
21.2285
21.4875
21.7397
21.9855
22.2248
22.4579
22.6849
22.906
23.1212
23.3308
23.5348
23.7333
23.9265
24.1146
24.2975
24.4756
24.649
24.8181
24.9829
25.1435
25.2999
25.4521
25.6003
25.7445
25.8848
26.021
26.1531
26.281
26.4047
26.5239
26.6386
26.7485
26.8538
26.9544
27.0506
27.1423
27.2299
27.3135
27.3932
27.4693
27.5419
27.6111
27.6771
27.7396
27.7988
27.8542
27.9058
27.953
27.9953
28.0321
28.0626
28.0856
28.0999
28.1036
28.0945
28.0698
28.0256
27.9565
27.8556
27.7135
27.5183
27.2565
26.9407
26.5066
3.13694
3.28434
3.13724
2.96041
2.79831
2.66932
2.58207
2.53942
2.54126
2.58574
2.66994
2.79029
2.94277
3.12303
3.32652
3.54844
3.7838
4.02741
4.27381
4.51736
4.75228
4.97276
5.17318
5.34822
5.49293
5.60268
5.6731
5.70043
5.68299
5.62057
5.51405
5.36554
5.17828
4.95651
4.70528
4.43021
4.13721
3.83223
3.5209
3.20841
2.89933
2.59766
2.30689
2.03027
1.77091
1.53186
1.31605
1.12608
0.964039
0.831256
0.72831
0.654945
0.610923
0.597063
0.612405
0.655976
0.726841
0.824015
0.94649
1.09323
1.26323
1.45553
1.66928
1.90368
2.15795
2.43131
2.7229
3.03182
3.35712
3.69781
4.05286
4.42123
4.80187
5.19373
5.59577
6.00695
6.42626
6.85269
7.28526
7.723
8.16498
8.61026
9.05796
9.50719
9.95712
10.4069
10.8558
11.3032
11.7482
12.1905
12.6293
13.0642
13.4946
13.92
14.3399
14.7542
15.1625
15.5647
15.9607
16.3503
16.7333
17.1095
17.4788
17.8409
18.1956
18.5426
18.8819
19.2132
19.5366
19.8519
20.1591
20.4583
20.7496
21.0331
21.309
21.5774
21.8386
22.0926
22.3398
22.5802
22.8141
23.0417
23.263
23.4782
23.6876
23.8912
24.0892
24.2818
24.469
24.6511
24.8281
25.0004
25.1681
25.3315
25.4906
25.6455
25.7963
25.9431
26.0859
26.2249
26.3601
26.4913
26.6187
26.7421
26.8615
26.9768
27.0878
27.1946
27.2969
27.395
27.4889
27.5788
27.6648
27.7472
27.8261
27.9018
27.9743
28.0438
28.1103
28.1737
28.2341
28.2911
28.3445
28.394
28.439
28.4791
28.5134
28.541
28.5608
28.5714
28.5709
28.5569
28.5264
28.4755
28.3995
28.2924
28.1493
27.9677
27.7707
27.5574
3.99127
4.1815
3.98119
3.73457
3.49381
3.28131
3.109
2.9822
2.90244
2.86899
2.87974
2.93169
3.02121
3.14425
3.29643
3.47301
3.66894
3.87882
4.09687
4.317
4.53285
4.73797
4.92603
5.09108
5.22755
5.33023
5.39412
5.41494
5.39143
5.32384
5.2136
5.06345
4.87728
4.65989
4.4168
4.15393
3.87727
3.59259
3.30522
3.01991
2.74077
2.47144
2.21517
1.97509
1.75419
1.55535
1.38108
1.23335
1.11333
1.02148
0.957273
0.919916
0.909962
0.926287
0.968065
1.03451
1.12486
1.23832
1.37412
1.53147
1.70962
1.90788
2.12558
2.36212
2.61686
2.88917
3.17838
3.48377
3.80456
4.13994
4.48907
4.85107
5.22504
5.61007
6.00525
6.40964
6.82232
7.24236
7.66885
8.10086
8.53748
8.97781
9.42097
9.86608
10.3123
10.7588
11.2048
11.6496
12.0925
12.5328
12.9701
13.4037
13.833
14.2574
14.6766
15.0902
15.4979
15.8995
16.295
16.684
17.0663
17.4418
17.8101
18.171
18.5244
18.8699
19.2075
19.537
19.8583
20.1714
20.4763
20.7731
21.0619
21.3427
21.6157
21.8812
22.1392
22.39
22.6338
22.8706
23.1007
23.3243
23.5416
23.7526
23.9577
24.1569
24.3504
24.5384
24.7211
24.8985
25.0708
25.2384
25.4014
25.5599
25.7142
25.8643
26.0102
26.1521
26.2901
26.4243
26.5546
26.6811
26.8038
26.9226
27.0375
27.1484
27.2551
27.3577
27.4562
27.5506
27.6411
27.7278
27.8108
27.8905
27.9669
28.0403
28.1108
28.1784
28.2433
28.3053
28.3643
28.4202
28.4727
28.5215
28.5662
28.6063
28.6411
28.6699
28.6916
28.7052
28.7091
28.7014
28.6799
28.6418
28.5841
28.5039
28.4005
28.2787
28.1643
28.0851
4.806
5.04416
4.80341
4.50753
4.21403
3.94655
3.71814
3.53514
3.39979
3.31184
3.26954
3.27021
3.3105
3.38662
3.49437
3.62915
3.78595
3.95931
4.1433
4.33156
4.51741
4.69409
4.85502
4.99411
5.10577
5.18479
5.22606
5.2252
5.18233
5.09862
4.97632
4.81883
4.63055
4.41665
4.18275
3.93465
3.67797
3.41796
3.15932
2.90618
2.66216
2.43051
2.21426
2.01626
1.83917
1.68521
1.55601
1.4525
1.37466
1.32187
1.29346
1.28881
1.30697
1.34731
1.40919
1.49198
1.59509
1.7179
1.85984
2.02035
2.19889
2.39497
2.60813
2.83793
3.08393
3.34568
3.6227
3.91447
4.22045
4.54003
4.8726
5.21748
5.57398
5.94139
6.31896
6.70593
7.10151
7.50492
7.91532
8.33191
8.75384
9.18028
9.61038
10.0433
10.4782
10.9143
11.3508
11.7869
12.222
12.6554
13.0865
13.5146
13.9392
14.3596
14.7753
15.1859
15.5912
15.9909
16.3848
16.7725
17.1538
17.5284
17.8961
18.2565
18.6094
18.9546
19.2919
19.6211
19.9422
20.2551
20.5599
20.8564
21.145
21.4256
21.6984
21.9635
22.221
22.4713
22.7143
22.9502
23.1793
23.4018
23.6177
23.8273
24.0307
24.2282
24.4199
24.6059
24.7865
24.9617
25.1318
25.297
25.4575
25.6134
25.765
25.9122
26.0552
26.1942
26.3291
26.4602
26.5874
26.7108
26.8302
26.9458
27.0574
27.1649
27.2684
27.3677
27.463
27.5544
27.6419
27.7257
27.8062
27.8833
27.9574
28.0285
28.0969
28.1624
28.2253
28.2854
28.3426
28.3967
28.4476
28.495
28.5385
28.5777
28.612
28.6409
28.6635
28.6788
28.6858
28.683
28.6688
28.6414
28.5992
28.5416
28.4709
28.3959
28.342
28.3481
5.56924
5.85991
5.59455
5.27057
4.94886
4.65212
4.39294
4.17761
4.0084
3.88512
3.80605
3.76857
3.76942
3.80488
3.87084
3.96275
4.07561
4.20395
4.34186
4.48301
4.62091
4.74913
4.8617
4.9534
5.01963
5.05611
5.05849
5.02318
4.95275
4.84931
4.71559
4.55511
4.37211
4.17127
3.95754
3.73584
3.51087
3.28696
3.068
2.85749
2.65858
2.47417
2.3069
2.15909
2.03258
1.92854
1.84747
1.78909
1.75224
1.73697
1.74175
1.76577
1.80849
1.86936
1.94788
2.04357
2.15595
2.28458
2.42902
2.58887
2.76377
2.95338
3.15739
3.37551
3.60746
3.85296
4.11171
4.3834
4.66768
4.96418
5.2725
5.59222
5.92286
6.26395
6.61496
6.97535
7.34452
7.72188
8.10678
8.49856
8.89651
9.2999
9.70801
10.1201
10.5353
10.9529
11.3722
11.7924
12.2129
12.6329
13.0519
13.4692
13.884
14.2958
14.704
15.108
15.5077
15.9027
16.2926
16.6771
17.0559
17.4286
17.7948
18.1543
18.5066
18.8517
19.1892
19.519
19.8409
20.1549
20.4609
20.759
21.0492
21.3316
21.6062
21.8732
22.1326
22.3847
22.6295
22.8672
23.0979
23.3219
23.5392
23.75
23.9546
24.1531
24.3457
24.5324
24.7135
24.8891
25.0595
25.2248
25.3853
25.5411
25.6923
25.8391
25.9815
26.1197
26.2538
26.3839
26.5099
26.632
26.75
26.864
26.9739
27.0797
27.1813
27.2788
27.3722
27.4616
27.5473
27.6294
27.708
27.7835
27.8559
27.9254
27.9921
28.0561
28.1173
28.1758
28.2314
28.2839
28.3333
28.3793
28.4216
28.4598
28.4936
28.5224
28.5457
28.5626
28.5724
28.5741
28.5666
28.549
28.5209
28.4835
28.4409
28.404
28.3964
28.4598
6.27107
6.62186
6.35156
6.02088
5.6931
5.38901
5.11986
4.8913
4.70523
4.56119
4.45721
4.39042
4.35734
4.35407
4.3763
4.41935
4.47817
4.54736
4.6213
4.6943
4.76087
4.81611
4.85607
4.87785
4.87922
4.85792
4.81112
4.73779
4.64302
4.52913
4.39828
4.2528
4.0953
3.92866
3.75599
3.58052
3.40556
3.23438
3.0701
2.91569
2.77393
2.64721
2.53741
2.44598
2.37387
2.32084
2.28624
2.27025
2.2714
2.28893
2.32227
2.37089
2.43432
2.51218
2.60406
2.7096
2.82846
2.96029
3.1048
3.26167
3.43067
3.61154
3.80407
4.00809
4.22341
4.44986
4.68729
4.93551
5.19436
5.46363
5.74313
6.03263
6.33188
6.64064
6.9586
7.28546
7.62086
7.96444
8.31576
8.67438
9.03978
9.41144
9.78876
10.1712
10.5579
10.9485
11.3422
11.7382
12.1361
12.5351
12.9347
13.3341
13.7327
14.1296
14.5245
14.9166
15.3058
15.6915
16.0734
16.4511
16.824
17.1919
17.5542
17.9107
18.2608
18.6044
18.9411
19.2708
19.5932
19.9082
20.2157
20.5158
20.8083
21.0934
21.3709
21.6411
21.9038
22.1594
22.4077
22.649
22.8833
23.1109
23.3318
23.5462
23.7542
23.956
24.1518
24.3416
24.5256
24.7041
24.8771
25.045
25.2078
25.3658
25.519
25.6675
25.8116
25.9513
26.0867
26.2178
26.3448
26.4675
26.5861
26.7003
26.8103
26.916
27.0174
27.1145
27.2075
27.2965
27.3817
27.4632
27.5414
27.6162
27.688
27.7569
27.8228
27.8859
27.9463
28.0037
28.0583
28.1098
28.1582
28.2032
28.2447
28.2824
28.316
28.3452
28.3694
28.3882
28.4011
28.4073
28.4065
28.3985
28.3838
28.3647
28.3468
28.3418
28.3707
28.4743
6.89763
7.32173
7.06899
6.7521
6.43712
6.14313
5.87996
5.65237
5.46171
5.30695
5.18556
5.09406
5.02835
4.98393
4.956
4.93953
4.9294
4.92054
4.90818
4.88816
4.85731
4.81389
4.75777
4.69017
4.61267
4.52611
4.42983
4.32807
4.22671
4.1272
4.02918
3.93159
3.83323
3.73327
3.63167
3.52928
3.42774
3.32929
3.23653
3.15195
3.07773
3.01576
2.96726
2.93219
2.91102
2.90394
2.91013
2.92922
2.96092
3.00486
3.0607
3.12816
3.20698
3.2969
3.39767
3.50904
3.63078
3.76265
3.90443
4.0559
4.21687
4.38715
4.5666
4.75506
4.95242
5.15857
5.37341
5.59684
5.82878
6.06914
6.31786
6.57484
6.84001
7.11328
7.39455
7.68373
7.98067
8.28522
8.59721
8.91639
9.24252
9.57527
9.91428
10.2592
10.6094
10.9647
11.3243
11.6879
12.0548
12.4245
12.7965
13.1701
13.5446
13.9193
14.2937
14.6672
15.0393
15.4097
15.7778
16.1432
16.5054
16.8638
17.2181
17.5677
17.9122
18.2512
18.5845
18.9116
19.2324
19.5468
19.8544
20.1553
20.4493
20.7365
21.0167
21.2899
21.5562
21.8156
22.0681
22.3138
22.5527
22.785
23.0107
23.23
23.443
23.6498
23.8505
24.0451
24.2339
24.4171
24.5948
24.7672
24.9344
25.0965
25.2537
25.4062
25.5539
25.6971
25.8358
25.9701
26.0999
26.2252
26.3461
26.4624
26.5743
26.6817
26.7845
26.883
26.9773
27.0674
27.1536
27.2361
27.315
27.3906
27.463
27.5323
27.5986
27.6619
27.7223
27.7797
27.8341
27.8854
27.9336
27.9785
28.02
28.0579
28.0921
28.1222
28.1481
28.1694
28.1859
28.1972
28.2034
28.205
28.2032
28.2013
28.2055
28.2276
28.2859
28.419
7.42483
7.94171
7.73027
7.44579
7.15897
6.88829
6.64256
6.42578
6.2386
6.07924
5.94424
5.82906
5.72853
5.63713
5.5492
5.45925
5.36218
5.25366
5.13057
4.99143
4.83695
4.67038
4.49742
4.32531
4.16107
4.00987
3.87466
3.76692
3.69229
3.64911
3.63145
3.63139
3.6407
3.65233
3.66137
3.66555
3.66471
3.66003
3.65379
3.6485
3.64569
3.64674
3.65343
3.66655
3.6867
3.71468
3.75089
3.79548
3.84857
3.91019
3.98033
4.05897
4.14605
4.24149
4.34518
4.45699
4.57678
4.7044
4.83968
4.98246
5.13259
5.28991
5.45428
5.62559
5.80372
5.98857
6.18007
6.37814
6.58274
6.79383
7.01137
7.23537
7.46583
7.70276
7.94619
8.19614
8.45265
8.71573
8.98539
9.2616
9.54432
9.83347
10.1289
10.4305
10.738
11.0511
11.3696
11.6932
12.0214
12.3539
12.6903
13.0301
13.3725
13.7171
14.0631
14.4102
14.7579
15.1058
15.4532
15.7997
16.1448
16.4878
16.8283
17.1657
17.4995
17.8293
18.1548
18.4754
18.791
19.1013
19.406
19.705
19.9981
20.2852
20.5662
20.841
21.1095
21.3717
21.6275
21.877
22.1202
22.3572
22.5878
22.8123
23.0307
23.243
23.4493
23.6497
23.8444
24.0334
24.217
24.3952
24.5682
24.736
24.8989
25.0568
25.2099
25.3583
25.502
25.641
25.7753
25.905
26.0299
26.15
26.2655
26.3762
26.4823
26.5838
26.6809
26.7738
26.8627
26.9477
27.029
27.1068
27.1812
27.2523
27.3202
27.385
27.4466
27.5051
27.5605
27.6127
27.6618
27.7076
27.7502
27.7893
27.8251
27.8572
27.8857
27.9104
27.9313
27.9484
27.9623
27.9737
27.9848
27.9993
28.0236
28.0693
28.1522
28.308
7.8146
8.44835
8.30156
8.06592
7.81963
7.58215
7.36199
7.16268
6.98421
6.82386
6.67692
6.53741
6.39862
6.25353
6.09537
5.91801
5.71651
5.48773
5.23087
4.9482
4.64565
4.33314
4.0242
3.73433
3.47852
3.26835
3.11355
3.03504
3.03733
3.11237
3.24386
3.41145
3.59499
3.77747
3.94632
4.09494
4.22181
4.32729
4.41383
4.48509
4.54428
4.59565
4.64278
4.68873
4.73557
4.78491
4.83792
4.89546
4.95814
5.02641
5.1006
5.18092
5.26751
5.36044
5.45971
5.56528
5.67709
5.79503
5.91897
6.04877
6.18428
6.32537
6.47188
6.62369
6.78068
6.94274
7.10978
7.28173
7.45853
7.64014
7.82655
8.01776
8.2138
8.41472
8.6206
8.83153
9.04762
9.26898
9.49573
9.72798
9.96585
10.2094
10.4588
10.7139
10.9749
11.2416
11.5141
11.7922
12.0758
12.3648
12.6589
12.9577
13.2608
13.5676
13.8778
14.1909
14.5065
14.8242
15.1435
15.4639
15.7848
16.1055
16.4255
16.7444
17.0614
17.3762
17.6882
17.997
18.3024
18.6039
18.9012
19.1942
19.4825
19.7659
20.0443
20.3176
20.5855
20.848
21.105
21.3563
21.6021
21.8421
22.0764
22.3051
22.528
22.7452
22.9567
23.1627
23.3631
23.5581
23.7479
23.9324
24.1117
24.2859
24.4552
24.6195
24.779
24.9336
25.0834
25.2284
25.3685
25.5038
25.6341
25.7594
25.8799
25.9955
26.1063
26.2125
26.3141
26.4114
26.5045
26.5935
26.6787
26.7602
26.8382
26.9126
26.9835
27.0512
27.1155
27.1765
27.2342
27.2887
27.3399
27.388
27.4329
27.4746
27.5131
27.5484
27.5807
27.6099
27.6363
27.6603
27.6826
27.7046
27.7287
27.759
27.8022
27.869
27.973
28.1474
8.01376
8.78961
8.7297
8.55777
8.3627
8.16662
7.97868
7.80241
7.63731
7.4797
7.3235
7.16095
6.98344
6.78212
6.54871
6.2762
5.95974
5.5974
5.19099
4.74693
4.27697
3.79884
3.33568
2.91398
2.56037
2.29797
2.14821
2.1455
2.29207
2.56923
2.94318
3.37162
3.8142
4.23882
4.62091
4.9478
5.21942
5.43357
5.59998
5.72881
5.82968
5.91069
5.97821
6.03728
6.09174
6.14443
6.19748
6.25241
6.31035
6.37209
6.43822
6.50912
6.58506
6.66618
6.75255
6.84417
6.94095
7.04282
7.14962
7.26121
7.37742
7.49809
7.62306
7.75216
7.88524
8.02219
8.16288
8.30722
8.45512
8.60653
8.76142
8.91977
9.08162
9.24699
9.41598
9.58868
9.76522
9.94575
10.1304
10.3194
10.5129
10.7111
10.9142
11.1223
11.3356
11.5544
11.7786
12.0084
12.244
12.4854
12.7325
12.9853
13.2433
13.5064
13.7743
14.0468
14.3235
14.604
14.8881
15.1752
15.4647
15.7561
16.0488
16.3422
16.6358
16.929
17.2213
17.5123
17.8015
18.0885
18.3731
18.6547
18.9332
19.2083
19.4796
19.7471
20.0104
20.2694
20.5239
20.7738
21.0189
21.2592
21.4946
21.725
21.9503
22.1705
22.3856
22.5955
22.8005
23.0005
23.1955
23.3855
23.5707
23.751
23.9264
24.0971
24.263
24.4241
24.5804
24.7318
24.8783
25.0198
25.1563
25.2877
25.4142
25.5358
25.6525
25.7645
25.872
25.975
26.0738
26.1683
26.2589
26.3456
26.4285
26.5076
26.5832
26.6551
26.7235
26.7884
26.85
26.9082
26.9631
27.0149
27.0635
27.1092
27.1519
27.1919
27.2293
27.2644
27.2975
27.3295
27.3612
27.3945
27.432
27.4781
27.5393
27.6256
27.7484
27.9388
7.96053
8.89504
8.94496
8.85165
8.71893
8.57333
8.42566
8.28005
8.13595
7.989
7.83185
7.65504
7.44793
7.19958
6.89988
6.54052
6.1162
5.62565
5.0726
4.46672
3.8247
3.17147
2.54049
1.97252
1.51161
1.20062
1.08232
1.20737
1.57606
2.15532
2.8859
3.68644
4.48243
5.22284
5.85774
6.36959
6.76788
7.06776
7.28834
7.4476
7.56148
7.64314
7.70297
7.74884
7.78656
7.82033
7.85314
7.8871
7.92365
7.9638
8.00821
8.05731
8.11133
8.1704
8.23452
8.30362
8.37757
8.45621
8.53933
8.62673
8.71819
8.81348
8.91239
9.01474
9.12032
9.22897
9.34054
9.45491
9.57196
9.69162
9.81381
9.93852
10.0657
10.1955
10.3278
10.4628
10.6005
10.7412
10.885
11.032
11.1825
11.3366
11.4947
11.6569
11.8234
11.9946
12.1707
12.3519
12.5386
12.7309
12.929
13.133
13.3429
13.5585
13.7798
14.0067
14.2392
14.477
14.7199
14.9674
15.2192
15.4748
15.7336
15.995
16.2586
16.5238
16.79
17.0568
17.3237
17.5902
17.856
18.1206
18.3837
18.6449
18.9039
19.1604
19.4142
19.665
19.9125
20.1566
20.397
20.6336
20.8663
21.0949
21.3193
21.5393
21.755
21.9664
22.1734
22.376
22.5742
22.7679
22.9572
23.1421
23.3224
23.4984
23.6697
23.8365
23.9986
24.156
24.3084
24.456
24.5986
24.7363
24.8691
24.997
25.1202
25.2388
25.3528
25.4625
25.568
25.6692
25.7662
25.8593
25.9484
26.0336
26.1149
26.1925
26.2665
26.3368
26.4035
26.4669
26.527
26.5839
26.6378
26.6889
26.7373
26.7834
26.8274
26.8697
26.911
26.9521
26.9944
27.0398
27.0913
27.1532
27.2319
27.3367
27.4769
27.6819
7.59779
8.68937
8.87339
8.87708
8.82079
8.738
8.64263
8.5404
8.43143
8.31142
8.1722
8.00305
7.79172
7.52498
7.19059
6.77851
6.28231
5.70042
5.03726
4.3042
3.52072
2.71619
1.9319
1.22204
0.651324
0.289872
0.22195
0.516801
1.18079
2.1647
3.38459
4.66403
5.87774
6.94181
7.81325
8.48824
8.98552
9.33445
9.56712
9.71315
9.79752
9.84003
9.85569
9.85541
9.84693
9.83557
9.82489
9.81721
9.814
9.81614
9.82412
9.83817
9.85832
9.88446
9.91641
9.95392
9.99669
10.0444
10.0968
10.1534
10.214
10.2783
10.346
10.4169
10.4906
10.567
10.6459
10.7271
10.8105
10.896
10.9834
11.0728
11.1641
11.2572
11.3523
11.4494
11.5485
11.6498
11.7535
11.8596
11.9683
12.0799
12.1945
12.3124
12.4339
12.5592
12.6887
12.8227
12.9614
13.1054
13.2548
13.4099
13.5707
13.7375
13.9103
14.0892
14.2744
14.4659
14.6636
14.8672
15.0764
15.291
15.5105
15.7343
15.9621
16.1934
16.4276
16.6643
16.9029
17.143
17.3841
17.6259
17.8678
18.1096
18.3507
18.5909
18.8299
19.0672
19.3027
19.536
19.7669
19.9952
20.2207
20.4432
20.6624
20.8783
21.0908
21.2999
21.5054
21.7074
21.9056
22.1001
22.2908
22.4776
22.6605
22.8394
23.0142
23.1848
23.351
23.5127
23.6699
23.8224
23.9702
24.1133
24.2517
24.3856
24.515
24.64
24.7607
24.8772
24.9897
25.098
25.2022
25.3023
25.3984
25.4905
25.5787
25.663
25.7435
25.8203
25.8935
25.9633
26.0298
26.0933
26.1538
26.2117
26.2672
26.3206
26.3725
26.4234
26.474
26.5255
26.5794
26.6377
26.7037
26.7816
26.8776
27.0001
27.1569
27.3757
6.87779
8.1084
8.44759
8.57011
8.61083
8.6113
8.58967
8.55408
8.50603
8.4418
8.35335
8.22938
8.05655
7.82053
7.50761
7.10617
6.60844
6.01205
5.32124
4.54756
3.7104
2.83831
1.97277
1.17391
0.526443
0.144545
0.162532
0.685162
1.71865
3.17256
4.87701
6.62645
8.24451
9.61536
10.6904
11.4755
12.0082
12.3384
12.5165
12.5868
12.5848
12.5376
12.4647
12.3798
12.2917
12.2064
12.1271
12.056
11.9938
11.941
11.8976
11.8631
11.8372
11.8193
11.809
11.8056
11.8086
11.8174
11.8315
11.8504
11.8737
11.9009
11.9316
11.9656
12.0025
12.0421
12.084
12.1282
12.1744
12.2224
12.2723
12.3238
12.377
12.4318
12.4882
12.5462
12.606
12.6676
12.731
12.7965
12.8642
12.9342
13.0067
13.0819
13.16
13.2414
13.3263
13.415
13.5079
13.6054
13.7078
13.8155
13.9285
14.0472
14.1719
14.3027
14.4401
14.584
14.7347
14.892
15.0559
15.2262
15.4027
15.585
15.7727
15.9654
16.1628
16.3643
16.5696
16.778
16.9893
17.2029
17.4184
17.6353
17.8533
18.0718
18.2907
18.5094
18.7277
18.9451
19.1616
19.3766
19.59
19.8016
20.0111
20.2183
20.4232
20.6257
20.8257
21.0229
21.2174
21.4089
21.5973
21.7827
21.9648
22.1436
22.3188
22.4904
22.658
22.8217
22.9812
23.1365
23.2875
23.4343
23.5768
23.7153
23.8497
23.9801
24.1066
24.2293
24.3484
24.4634
24.5746
24.6818
24.785
24.8843
24.9797
25.0712
25.1589
25.2429
25.3234
25.4004
25.4743
25.5452
25.6133
25.6791
25.7427
25.8047
25.8656
25.9261
25.9871
26.0499
26.1161
26.188
26.2689
26.3629
26.4759
26.6155
26.7883
27.0206
5.81641
7.14619
7.65499
7.9207
8.08462
8.19613
8.27849
8.3431
8.39359
8.42756
8.43759
8.41247
8.3383
8.19983
7.98203
7.67171
7.25956
6.742
6.12274
5.41329
4.63309
3.81071
2.98892
2.23463
1.65099
1.38818
1.58723
2.37424
3.7638
5.64763
7.80917
9.9836
11.9395
13.5311
14.7085
15.4951
15.9547
16.1636
16.1943
16.1073
15.9491
15.7531
15.5422
15.3312
15.1289
14.9402
14.7675
14.6115
14.4719
14.3479
14.2385
14.1425
14.0587
13.9861
13.9235
13.8699
13.8244
13.7861
13.7542
13.728
13.707
13.6906
13.6782
13.6695
13.664
13.6615
13.6616
13.6641
13.6689
13.6756
13.6843
13.6947
13.7068
13.7206
13.736
13.7532
13.772
13.7926
13.8151
13.8395
13.8659
13.8944
13.9253
13.9586
13.9946
14.0335
14.0755
14.121
14.1702
14.2235
14.2812
14.3437
14.4113
14.4841
14.5625
14.6469
14.7376
14.8349
14.939
15.05
15.1681
15.2931
15.425
15.5636
15.7088
15.8602
16.0175
16.1804
16.3484
16.5213
16.6985
16.8795
17.0641
17.2516
17.4417
17.634
17.828
18.0233
18.2196
18.4164
18.6135
18.8105
19.0071
19.203
19.398
19.592
19.7848
19.9762
20.1661
20.3544
20.5407
20.725
20.9072
21.0872
21.2646
21.4395
21.6115
21.7805
21.9463
22.1086
22.2674
22.4226
22.5741
22.7219
22.8662
23.007
23.1443
23.2783
23.4089
23.5362
23.6602
23.781
23.8981
24.0116
24.1213
24.2273
24.3295
24.428
24.5229
24.6142
24.702
24.7866
24.8682
24.947
25.0233
25.0974
25.1698
25.241
25.3116
25.3823
25.4543
25.5289
25.608
25.6938
25.7896
25.8996
26.0291
26.1854
26.3736
26.6189
4.37705
5.73242
6.4166
6.85388
7.17672
7.43942
7.67043
7.88499
8.08935
8.28273
8.45865
8.60622
8.71135
8.75827
8.73096
8.61508
8.40001
8.08115
7.66165
7.15304
6.57479
5.95466
5.33475
4.78351
4.42114
4.41252
4.89583
6.01238
7.77868
10.0656
12.613
15.1024
17.2563
18.9095
20.0218
20.646
20.8812
20.8358
20.6064
20.269
19.879
19.4735
19.0759
18.6995
18.351
18.0327
17.7446
17.4849
17.2516
17.042
16.8537
16.6844
16.532
16.3945
16.2701
16.1572
16.0546
15.961
15.8753
15.7966
15.7241
15.6571
15.595
15.5373
15.4834
15.4331
15.386
15.3417
15.3002
15.2611
15.2243
15.1896
15.1571
15.1265
15.098
15.0715
15.0471
15.0247
15.0045
14.9864
14.9706
14.9571
14.946
14.9375
14.9317
14.9288
14.929
14.9325
14.9397
14.9507
14.9659
14.9856
15.0101
15.0396
15.0744
15.1149
15.1614
15.2143
15.2739
15.3403
15.4139
15.4945
15.5824
15.6775
15.7797
15.8889
16.0049
16.1275
16.2564
16.3912
16.5316
16.6772
16.8276
16.9824
17.1411
17.3033
17.4686
17.6365
17.8068
17.9788
18.1524
18.3271
18.5026
18.6786
18.8549
19.0313
19.2076
19.3836
19.5591
19.734
19.9079
20.0809
20.2526
20.4229
20.5916
20.7585
20.9233
21.0858
21.2458
21.4032
21.5577
21.7093
21.858
22.0038
22.1468
22.287
22.4245
22.5593
22.6914
22.8209
22.9477
23.072
23.1933
23.3114
23.4263
23.5377
23.6457
23.7503
23.8514
23.9493
24.044
24.1358
24.2248
24.3113
24.3956
24.4781
24.5593
24.6397
24.72
24.8012
24.8843
24.9708
25.0625
25.1621
25.2725
25.398
25.5434
25.7155
25.9184
26.176
3.22159
4.51981
5.29015
5.84028
6.28706
6.68363
7.05934
7.43005
7.80202
8.17394
8.53849
8.88382
9.195
9.45554
9.64897
9.76085
9.78094
9.70587
9.54115
9.30183
9.01143
8.70243
8.42331
8.2575
8.35024
8.86909
9.90706
11.5755
13.8528
16.5647
19.4047
22.0194
24.1203
25.5618
26.3472
26.5801
26.4049
25.9623
25.3674
24.7048
24.0309
23.3802
22.7715
22.213
21.7064
21.2498
20.8394
20.4705
20.1384
19.8387
19.5673
19.3206
19.0954
18.8889
18.6986
18.5226
18.3589
18.206
18.0626
17.9276
17.8001
17.679
17.5639
17.454
17.3489
17.2481
17.1512
17.0579
16.968
16.8812
16.7974
16.7163
16.638
16.5623
16.4893
16.4188
16.351
16.2858
16.2233
16.1634
16.1063
16.052
16.0005
15.952
15.9065
15.8642
15.8252
15.7898
15.7581
15.7304
15.7069
15.688
15.6737
15.6643
15.6602
15.6617
15.669
15.6826
15.7026
15.7294
15.7632
15.8041
15.8523
15.9079
15.9709
16.0412
16.1189
16.2037
16.2954
16.394
16.4989
16.61
16.7268
16.8491
16.9763
17.1081
17.244
17.3837
17.5266
17.6725
17.8209
17.9715
18.1239
18.2778
18.4329
18.5892
18.7463
18.9041
19.0623
19.2206
19.3789
19.5371
19.6948
19.852
20.0083
20.1635
20.3173
20.4696
20.6201
20.7687
20.9151
21.0594
21.2016
21.3416
21.4795
21.6154
21.7493
21.8813
22.0112
22.1392
22.2651
22.3891
22.5113
22.6312
22.7481
22.862
22.9729
23.0808
23.1857
23.2878
23.387
23.4837
23.5781
23.6703
23.7608
23.8499
23.9382
24.0262
24.1147
24.2047
24.2973
24.3941
24.497
24.6086
24.7318
24.8708
25.0302
25.216
25.4318
25.7001
2.23721
3.43285
4.24798
4.88734
5.44932
5.98348
6.51782
7.06665
7.63423
8.21693
8.80514
9.38495
9.93983
10.4522
10.9051
11.2842
11.5799
11.7904
11.9234
11.9965
12.0352
12.0736
12.1635
12.4007
12.9712
13.956
15.4772
17.5904
20.2277
23.1739
26.0933
28.6219
30.4849
31.574
31.9424
31.7418
31.1521
30.3342
29.4115
28.4684
27.5569
26.7053
25.9259
25.2213
24.5882
24.0208
23.512
23.0547
22.6424
22.2689
21.929
21.6181
21.3323
21.0681
20.8225
20.5932
20.378
20.1752
19.9831
19.8006
19.6265
19.4599
19.3001
19.1463
18.998
18.8547
18.7161
18.5817
18.4513
18.3246
18.2014
18.0817
17.9652
17.8518
17.7417
17.6346
17.5307
17.43
17.3323
17.2378
17.1465
17.0584
16.9734
16.8918
16.8135
16.7387
16.6675
16.6
16.5364
16.4768
16.4216
16.3708
16.3247
16.2834
16.2473
16.2166
16.1916
16.1726
16.1598
16.1535
16.154
16.1615
16.176
16.1979
16.227
16.2636
16.3076
16.359
16.4177
16.4834
16.5561
16.6355
16.7212
16.813
16.9104
17.0132
17.121
17.2332
17.3496
17.4698
17.5932
17.7197
17.8488
17.9802
18.1137
18.2492
18.3863
18.5249
18.6645
18.8052
18.9465
19.0883
19.2305
19.3727
19.5147
19.6563
19.7972
19.9371
20.0759
20.2133
20.3494
20.4839
20.6171
20.7488
20.8791
21.0081
21.1357
21.262
21.3869
21.5103
21.6323
21.7528
21.8717
21.9889
22.1047
22.2183
22.3295
22.4381
22.5442
22.6479
22.7493
22.8486
22.946
23.0418
23.1363
23.2299
23.3232
23.4167
23.5113
23.6081
23.7081
23.8131
23.925
24.0463
24.18
24.33
24.5008
24.6979
24.9243
25.201
1.48962
2.522
3.30702
3.98542
4.63915
5.30988
6.01921
6.77541
7.57686
8.41451
9.27406
10.1379
10.9867
11.8012
12.5641
13.2609
13.8835
14.4317
14.9155
15.3544
15.775
16.2128
16.7248
17.4306
18.5241
20.0313
22.0587
24.6106
27.5646
30.6563
33.5206
35.795
37.2418
37.8152
37.6363
36.911
35.8515
34.6312
33.3726
32.1524
31.0126
29.9717
29.0334
28.1935
27.4433
26.7729
26.1722
25.6317
25.143
24.6989
24.2929
23.9197
23.5747
23.2538
22.9538
22.672
22.4058
22.1534
21.9131
21.6835
21.4633
21.2516
21.0476
20.8505
20.6596
20.4746
20.2948
20.1201
19.95
19.7843
19.6228
19.4653
19.3116
19.1617
19.0156
18.8732
18.7344
18.5994
18.468
18.3403
18.2162
18.0957
17.9789
17.8658
17.7564
17.6508
17.5491
17.4514
17.3578
17.2684
17.1834
17.103
17.0273
16.9565
16.8908
16.8304
16.7755
16.7264
16.6833
16.6465
16.6163
16.5927
16.576
16.5663
16.5638
16.5686
16.5808
16.6003
16.6271
16.6613
16.7025
16.7508
16.8058
16.8674
16.9351
17.0088
17.088
17.1725
17.2617
17.3554
17.4532
17.5546
17.6595
17.7675
17.8784
17.9919
18.1079
18.226
18.346
18.4676
18.5906
18.7149
18.8401
18.9659
19.0923
19.2188
19.3451
19.4712
19.5966
19.7214
19.8455
19.9687
20.0912
20.213
20.334
20.4543
20.5739
20.6928
20.8108
20.928
21.0441
21.1592
21.2732
21.3859
21.4974
21.6076
21.7166
21.824
21.9298
22.0335
22.1355
22.2359
22.3348
22.4327
22.5297
22.6264
22.7233
22.821
22.9203
23.0224
23.1284
23.24
23.3592
23.4885
23.6308
23.79
23.9701
24.1764
24.4115
24.6946
0.942985
1.76303
2.44256
3.10544
3.82357
4.6279
5.52878
6.52339
7.59974
8.73974
9.92166
11.1222
12.318
13.4874
14.6119
15.6774
16.6767
17.6114
18.4933
19.3429
20.1873
21.0643
22.0452
23.2807
24.9332
27.005
29.554
32.525
35.7302
38.8514
41.5011
43.3396
44.1946
44.108
43.282
41.976
40.425
38.803
37.2216
35.7426
34.3936
33.181
32.0993
31.1367
30.2796
29.5142
28.8279
28.209
27.6478
27.1359
26.666
26.2321
25.8291
25.4525
25.0988
24.765
24.4484
24.1469
23.8588
23.5824
23.3167
23.0603
22.8125
22.5726
22.3397
22.1135
21.8933
21.6789
21.4698
21.2659
21.0668
20.8724
20.6824
20.497
20.3158
20.1391
19.9666
19.7984
19.6344
19.4745
19.3189
19.1674
19.02
18.8768
18.7377
18.6028
18.4722
18.3458
18.2239
18.1064
17.9936
17.8854
17.7821
17.6838
17.5906
17.5026
17.4202
17.3434
17.2725
17.2077
17.1491
17.097
17.0515
17.0129
16.9811
16.9564
16.9389
16.9286
16.9256
16.9298
16.9411
16.9596
16.985
17.0172
17.0559
17.1009
17.1519
17.2086
17.2707
17.3377
17.4095
17.4856
17.5657
17.6497
17.7374
17.8283
17.9224
18.0193
18.1187
18.2204
18.3242
18.4298
18.537
18.6455
18.755
18.8652
18.9759
19.0869
19.1979
19.3088
19.4196
19.5303
19.6408
19.7513
19.8616
19.9719
20.082
20.1919
20.3016
20.4108
20.5196
20.6278
20.7353
20.842
20.9479
21.053
21.1572
21.2605
21.3629
21.4646
21.5655
21.6654
21.7644
21.8627
21.9608
22.059
22.1579
22.2582
22.3607
22.4665
22.5768
22.6934
22.8181
22.9535
23.1025
23.2686
23.4559
23.6692
23.9111
24.1987
0.59065
1.16054
1.66624
2.25948
3.01193
3.9432
5.04833
6.30865
7.69756
9.1844
10.7373
12.3253
13.9196
15.4949
17.0311
18.5136
19.9362
21.3016
22.6226
23.9202
25.2223
26.5747
28.0792
29.9542
32.182
34.8387
37.9051
41.2467
44.598
47.5892
49.8297
51.0342
51.1296
50.2684
48.7372
46.8376
44.8105
42.8159
40.9442
39.2369
37.7051
36.3423
35.1338
34.0616
33.1075
32.2546
31.4881
30.7951
30.1644
29.5869
29.0548
28.5614
28.1014
27.6698
27.263
26.8777
26.5111
26.161
25.8255
25.5029
25.1919
24.8914
24.6005
24.3182
24.0439
23.7771
23.5172
23.2638
23.0165
22.775
22.5391
22.3086
22.0833
21.8631
21.6479
21.4377
21.2324
21.032
20.8364
20.6455
20.4594
20.278
20.1012
19.929
19.7614
19.5985
19.4402
19.2866
19.1378
18.9937
18.8545
18.7203
18.5911
18.467
18.3481
18.2346
18.1266
18.0242
17.9276
17.837
17.7525
17.6743
17.6025
17.5372
17.4787
17.4269
17.3821
17.3443
17.3136
17.2899
17.2733
17.2638
17.2612
17.2654
17.2763
17.2937
17.3174
17.347
17.3824
17.4232
17.4692
17.52
17.5755
17.6354
17.6995
17.7676
17.8394
17.9145
17.9929
18.0741
18.1581
18.2444
18.3329
18.4233
18.5152
18.6085
18.7027
18.7977
18.8934
18.9895
19.0862
19.1833
19.2809
19.379
19.4777
19.5767
19.6762
19.776
19.876
19.9762
20.0763
20.1763
20.2761
20.3756
20.4747
20.5734
20.6716
20.7695
20.8669
20.964
21.0609
21.1577
21.2547
21.3518
21.4494
21.5476
21.647
21.7483
21.8524
21.9602
22.0732
22.1929
22.3213
22.4609
22.6145
22.7855
22.9779
23.1962
23.4429
23.733
0.430381
0.713585
0.994616
1.48053
2.24798
3.30353
4.62353
6.17065
7.90124
9.77008
11.7334
13.7512
15.7877
17.8134
19.8051
21.7476
23.6347
25.4698
27.266
29.0445
30.8378
32.7123
34.8169
37.3486
40.2405
43.5162
47.0763
50.6939
54.0258
56.67
58.2695
58.6367
57.8323
56.1305
53.8905
51.432
48.9796
46.6643
44.5483
42.6503
40.9646
39.4733
38.1541
36.9837
35.9408
35.0063
34.1638
33.3994
32.7012
32.0596
31.4662
30.9141
30.3974
29.9114
29.4518
29.0154
28.5992
28.2008
27.8183
27.4499
27.0943
26.7502
26.4165
26.0926
25.7776
25.4708
25.1718
24.8802
24.5954
24.3172
24.0453
23.7795
23.5197
23.2656
23.0172
22.7744
22.5373
22.3056
22.0793
21.8584
21.6428
21.4324
21.2272
21.0271
20.8322
20.6423
20.4575
20.2778
20.1033
19.9338
19.7696
19.6106
19.4569
19.3085
19.1656
19.0281
18.8962
18.77
18.6496
18.5352
18.4268
18.3245
18.2286
18.139
18.0559
17.9794
17.9097
17.8467
17.7906
17.7413
17.699
17.6635
17.6349
17.613
17.5978
17.5891
17.5868
17.5907
17.6004
17.6159
17.6368
17.663
17.6942
17.7304
17.7713
17.8166
17.8661
17.9196
17.9767
18.0373
18.1012
18.168
18.2374
18.3093
18.3832
18.4589
18.5362
18.6148
18.6945
18.7754
18.8573
18.9402
19.0243
19.1093
19.1955
19.2826
19.3706
19.4594
19.5489
19.639
19.7296
19.8204
19.9115
20.0028
20.0941
20.1854
20.2768
20.3682
20.4596
20.5512
20.643
20.7352
20.8279
20.9213
21.0159
21.112
21.2102
21.311
21.4151
21.5234
21.6373
21.7585
21.8888
22.0307
22.1871
22.3611
22.5565
22.7777
23.0275
23.3185
0.491193
0.414676
0.474986
0.883678
1.69802
2.9042
4.45923
6.30929
8.39619
10.6621
13.0528
15.5199
18.0211
20.5218
22.9958
25.4263
27.807
30.1413
32.4421
34.7331
37.0605
39.5375
42.4108
45.6257
49.213
53.0909
57.0506
60.7629
63.824
65.8416
66.5461
65.8956
64.1082
61.5703
58.6805
55.7428
52.9431
50.3731
48.0641
46.0132
44.2006
42.5997
41.1824
39.9225
38.7964
37.7838
36.8675
36.0329
35.268
34.5625
33.9079
33.297
32.7238
32.1832
31.671
31.1835
30.7179
30.2716
29.8424
29.4287
29.0288
28.6416
28.266
27.901
27.5459
27.1999
26.8626
26.5335
26.212
25.8979
25.5909
25.2906
24.997
24.7099
24.4292
24.1548
23.8866
23.6245
23.3685
23.1184
22.8742
22.6357
22.403
22.1759
21.9545
21.7386
21.5283
21.3235
21.1243
20.9305
20.7424
20.5597
20.3827
20.2113
20.0455
19.8854
19.731
19.5825
19.4399
19.3032
19.1726
19.0481
18.9298
18.8179
18.7123
18.6132
18.5206
18.4346
18.3553
18.2827
18.2167
18.1575
18.105
18.0591
18.0198
17.9869
17.9604
17.9401
17.9257
17.9172
17.9143
17.9169
17.9249
17.9382
17.9565
17.9796
18.0074
18.0395
18.0757
18.1159
18.1598
18.2071
18.2575
18.3108
18.3666
18.4247
18.4848
18.5467
18.6104
18.6756
18.7425
18.8109
18.881
18.9526
19.0258
19.1004
19.1764
19.2537
19.3322
19.4116
19.4919
19.573
19.6548
19.7371
19.8199
19.9032
19.9869
20.0711
20.1558
20.2411
20.327
20.4138
20.5015
20.5904
20.6808
20.7732
20.868
20.9659
21.0678
21.1748
21.288
21.4091
21.5398
21.6824
21.8397
22.0149
22.2116
22.4341
22.6852
22.9759
0.666424
0.153045
0.305558
0.952334
2.03002
3.50482
5.33785
7.48196
9.88436
12.4909
15.2494
18.1107
21.0301
23.9695
26.8998
29.8028
32.6713
35.508
38.3258
41.1563
44.0791
47.2999
50.9569
54.9535
59.2382
63.6161
67.7613
71.2624
73.7049
74.7727
74.3464
72.568
69.8085
66.5245
63.1039
59.8002
56.7454
53.9895
51.5362
49.3656
47.4481
45.7514
44.2447
42.9
41.6932
40.6035
39.6134
38.7083
37.8757
37.1054
36.3887
35.7183
35.0878
34.4921
33.9268
33.3881
32.873
32.3788
31.9032
31.4444
31.0008
30.5711
30.154
29.7486
29.3541
28.9697
28.5948
28.2289
27.8716
27.5224
27.181
26.8472
26.5207
26.2014
25.8892
25.5839
25.2855
24.9939
24.7089
24.4305
24.1584
23.8928
23.6333
23.3801
23.133
22.892
22.6569
22.4279
22.2048
21.9877
21.7764
21.5711
21.3717
21.1782
20.9906
20.8089
20.6332
20.4635
20.2999
20.1423
19.9908
19.8456
19.7065
19.5738
19.4474
19.3274
19.2138
19.1067
19.0062
18.9121
18.8247
18.7438
18.6694
18.6016
18.5402
18.4851
18.4363
18.3936
18.357
18.3261
18.3011
18.2816
18.2677
18.2593
18.2561
18.2581
18.2649
18.2765
18.2925
18.3129
18.3373
18.3655
18.3973
18.4322
18.4702
18.5108
18.5539
18.5993
18.6469
18.6966
18.7484
18.8023
18.8583
18.9163
18.9764
19.0383
19.1021
19.1676
19.2346
19.303
19.3728
19.4437
19.5157
19.5887
19.6626
19.7374
19.813
19.8896
19.967
20.0455
20.125
20.2057
20.2878
20.3716
20.4572
20.5452
20.6361
20.7304
20.8291
20.9332
21.0439
21.1628
21.2919
21.4334
21.59
21.7649
21.9615
22.1839
22.4351
22.7247
1.92959
2.87655
4.64945
6.15608
7.43132
8.88001
10.6057
12.5961
14.8465
17.3443
20.0645
22.9692
26.0132
29.1522
32.3495
35.5801
38.8306
42.0982
45.3949
48.7735
52.3846
56.4962
60.9334
65.6528
70.4676
75.0526
78.9847
81.8285
83.2396
83.0555
81.3569
78.4706
74.8705
71.0123
67.2209
63.6774
60.4581
57.5778
55.0201
52.7547
50.7468
48.9623
47.3697
45.9412
44.6528
43.4841
42.418
41.4398
40.5372
39.6998
38.9189
38.1871
37.4979
36.8458
36.2265
35.6359
35.0709
34.5286
34.0066
33.5029
33.0159
32.5439
32.0859
31.6407
31.2074
30.7852
30.3735
29.9717
29.5793
29.1958
28.8209
28.4543
28.0958
27.7452
27.4023
27.067
26.7392
26.4188
26.1056
25.7995
25.5005
25.2083
24.9229
24.6442
24.3722
24.1067
23.8477
23.5951
23.3489
23.1091
22.8755
22.6482
22.4272
22.2124
22.0038
21.8014
21.6053
21.4153
21.2316
21.0541
20.8829
20.718
20.5594
20.4071
20.2612
20.1217
19.9886
19.862
19.7418
19.6281
19.5208
19.42
19.3257
19.2377
19.1561
19.0807
19.0116
18.9484
18.8913
18.84
18.7944
18.7546
18.7204
18.6918
18.6686
18.6507
18.6379
18.63
18.6269
18.6284
18.6342
18.6441
18.6578
18.6751
18.6957
18.7194
18.746
18.7753
18.8071
18.8416
18.8786
18.9182
18.9602
19.0048
19.0518
19.1011
19.1526
19.2062
19.2618
19.3191
19.3782
19.4388
19.5009
19.5644
19.6292
19.6952
19.7626
19.8312
19.9011
19.9725
20.0452
20.1196
20.1958
20.2739
20.3544
20.4376
20.524
20.6143
20.7093
20.8099
20.9176
21.0338
21.1605
21.2998
21.4544
21.6275
21.8225
22.0433
22.2933
22.5812
52.0783
47.7999
43.863
40.2647
37.1943
34.5277
32.3668
30.9253
30.3141
30.5397
31.5269
33.1568
35.3025
37.8493
40.7042
43.7968
47.0772
50.515
54.1159
57.9901
62.428
67.2611
72.3841
77.5977
82.5678
86.861
90.028
91.7108
91.7323
90.1451
87.2323
83.443
79.2566
75.0522
71.0619
67.3962
64.0886
61.1312
58.4974
56.153
54.063
52.1939
50.5157
49.0019
47.6296
46.3793
45.2343
44.1803
43.2052
42.2988
41.452
40.6575
39.9086
39.1998
38.5262
37.884
37.2695
36.6798
36.1123
35.5649
35.0356
34.5229
34.0254
33.5419
33.0715
32.6133
32.1665
31.7305
31.3047
30.8887
30.482
30.0843
29.6954
29.3151
28.9431
28.5793
28.2236
27.8759
27.536
27.2037
26.879
26.5616
26.2516
25.9488
25.6531
25.3643
25.0825
24.8076
24.5395
24.278
24.0233
23.7752
23.5337
23.2987
23.0702
22.8482
22.6327
22.4236
22.221
22.0248
21.8351
21.6517
21.4749
21.3044
21.1404
20.9829
20.8318
20.6872
20.549
20.4173
20.292
20.1731
20.0606
19.9544
19.8545
19.7608
19.6733
19.5917
19.5161
19.4463
19.3822
19.324
19.2714
19.2245
19.1831
19.147
19.1163
19.0906
19.0699
19.0539
19.0425
19.0354
19.0323
19.0332
19.0375
19.0453
19.0563
19.0703
19.0874
19.1073
19.1303
19.1561
19.1849
19.2165
19.2509
19.288
19.3276
19.3697
19.4141
19.4606
19.5092
19.5598
19.6121
19.6662
19.722
19.7795
19.8385
19.8993
19.9617
20.0258
20.0918
20.1597
20.2298
20.3022
20.3773
20.4554
20.5371
20.6231
20.714
20.811
20.9152
21.0283
21.1521
21.2888
21.4412
21.6121
21.8051
22.0242
22.2724
22.5587
82.036
80.3834
78.4393
76.1107
73.3596
70.2364
66.8211
63.2615
59.8029
56.7575
54.427
53.0216
52.6162
53.1633
54.5414
56.6079
59.2303
62.3073
65.8336
70.0623
74.8811
80.0193
85.2496
90.2335
94.5551
97.7904
99.5985
99.8018
98.4253
95.6913
91.9731
87.7057
83.2795
78.9703
74.9333
71.2347
67.8875
64.8767
62.1751
59.7511
57.5727
55.61
53.8356
52.2254
50.7581
49.4155
48.1817
47.0429
45.9872
45.0043
44.0853
43.2226
42.4093
41.6397
40.9087
40.212
39.546
38.9073
38.2932
37.7012
37.1292
36.5756
36.0388
35.5173
35.0103
34.5165
34.0353
33.5658
33.1074
32.6596
32.2219
31.7939
31.3753
30.9659
30.5655
30.174
29.791
29.4166
29.0505
28.6925
28.3426
28.0006
27.6663
27.3397
27.0206
26.709
26.4047
26.1076
25.8178
25.535
25.2593
24.9905
24.7286
24.4736
24.2254
23.984
23.7492
23.5212
23.2998
23.0851
22.877
22.6755
22.4806
22.2923
22.1105
21.9352
21.7665
21.6043
21.4487
21.2994
21.1567
21.0203
20.8904
20.7667
20.6494
20.5382
20.4331
20.334
20.2408
20.1535
20.072
19.9964
19.9264
19.8622
19.8037
19.7506
19.7029
19.6604
19.623
19.5906
19.5628
19.5396
19.5206
19.5057
19.4947
19.4872
19.4833
19.4827
19.4855
19.4916
19.5009
19.5135
19.5294
19.5485
19.5707
19.5959
19.6239
19.6548
19.6883
19.7242
19.7626
19.8032
19.846
19.8909
19.9378
19.9867
20.0376
20.0905
20.1454
20.2024
20.2615
20.323
20.3869
20.4535
20.523
20.596
20.6728
20.7542
20.8408
20.9338
21.0343
21.144
21.2646
21.3984
21.5481
21.7166
21.9074
22.1245
22.3708
22.656
95.3918
94.4923
93.539
92.589
91.6167
90.5873
89.4346
88.0719
86.4416
84.5603
82.5407
80.5847
78.9423
77.8519
77.4878
77.9356
79.2019
81.2613
84.2979
88.1981
92.5204
96.9686
101.174
104.735
107.279
108.52
108.322
106.72
103.912
100.214
95.9812
91.5376
87.1282
82.9102
78.968
75.3354
72.0156
68.9952
66.2528
63.7635
61.5023
59.4449
57.5688
55.8533
54.2801
52.8331
51.4977
50.2611
49.1119
48.0403
47.0373
46.0952
45.2071
44.367
43.5695
42.8102
42.0849
41.3901
40.7228
40.0803
39.4602
38.8605
38.2796
37.7158
37.168
36.6349
36.1156
35.6092
35.115
34.6323
34.1605
33.6994
33.2485
32.8074
32.3761
31.9542
31.5416
31.1381
30.7434
30.3576
29.9803
29.6114
29.2508
28.8984
28.554
28.2174
27.8887
27.5677
27.2543
26.9484
26.6499
26.3588
26.0749
25.7983
25.5288
25.2664
25.011
24.7626
24.5211
24.2865
24.0588
23.8379
23.6238
23.4165
23.2159
23.022
22.8348
22.6542
22.4802
22.3128
22.152
21.9976
21.8497
21.7082
21.573
21.444
21.3212
21.2044
21.0936
20.9887
20.8897
20.7967
20.7095
20.6281
20.5524
20.4824
20.4179
20.3588
20.3049
20.2562
20.2123
20.173
20.1383
20.1078
20.0813
20.0588
20.04
20.0249
20.0134
20.0056
20.0013
20.0007
20.0036
20.0101
20.0199
20.0331
20.0495
20.069
20.0914
20.1166
20.1445
20.175
20.2081
20.2435
20.2813
20.3214
20.3638
20.4086
20.4557
20.5053
20.5573
20.6119
20.6692
20.7296
20.7933
20.8606
20.9321
21.0084
21.0903
21.1787
21.275
21.3806
21.4974
21.6276
21.774
21.9394
22.1275
22.3421
22.5858
22.8703
99.2184
98.756
98.3185
97.9845
97.7946
97.7766
97.9316
98.2243
98.5963
98.9849
99.343
99.6578
99.9647
100.349
100.929
101.836
103.187
105.102
107.593
110.234
112.836
115.14
116.864
117.757
117.642
116.448
114.221
111.117
107.366
103.225
98.9227
94.6365
90.4844
86.5363
82.8276
79.3718
76.1687
73.2099
70.4825
67.971
65.659
63.5299
61.5674
59.7563
58.0824
56.5323
55.094
53.7564
52.5092
51.3432
50.2501
49.2223
48.2528
47.3356
46.4653
45.6371
44.8467
44.0903
43.3645
42.6664
41.9934
41.3433
40.7142
40.1042
39.5119
38.9361
38.3755
37.8292
37.2963
36.776
36.2677
35.771
35.2853
34.8104
34.346
33.8917
33.4474
33.0129
32.5879
32.1723
31.7659
31.3685
30.98
30.6001
30.2288
29.866
29.5114
29.1651
28.8268
28.4965
28.1741
27.8594
27.5525
27.2531
26.9613
26.6769
26.3999
26.1302
25.8677
25.6125
25.3644
25.1234
24.8895
24.6625
24.4426
24.2295
24.0234
23.824
23.6314
23.4456
23.2664
23.0939
22.9279
22.7684
22.6154
22.4686
22.3282
22.1938
22.0655
21.9433
21.8271
21.717
21.6128
21.5146
21.4222
21.3357
21.2548
21.1795
21.1095
21.0448
20.9851
20.9302
20.88
20.8343
20.7928
20.7554
20.7221
20.6927
20.6672
20.6456
20.6279
20.6141
20.6041
20.598
20.5956
20.5967
20.6014
20.6094
20.6206
20.6349
20.6522
20.6725
20.6955
20.7213
20.7497
20.7807
20.8144
20.8507
20.8897
20.9313
20.9758
21.0231
21.0735
21.1271
21.1843
21.2454
21.311
21.3815
21.4579
21.5411
21.6322
21.733
21.8451
21.9708
22.1128
22.2743
22.4585
22.6698
22.9102
23.1936
100.426
100.192
100.014
99.9591
100.078
100.41
100.982
101.795
102.838
104.088
105.516
107.095
108.803
110.628
112.565
114.614
116.771
118.995
120.98
122.607
123.741
124.262
124.076
123.133
121.432
119.026
116.013
112.533
108.742
104.798
100.835
96.954
93.2157
89.652
86.2753
83.0881
80.0881
77.2705
74.6295
72.1578
69.8476
67.6901
65.6765
63.7974
62.0436
60.4062
58.8763
57.4452
56.1046
54.8466
53.6639
52.5494
51.4967
50.4999
49.5536
48.6531
47.7938
46.9719
46.1839
45.4265
44.697
43.993
43.3121
42.6527
42.0129
41.3913
40.7867
40.1978
39.6236
39.0634
38.5164
37.9819
37.4595
36.9488
36.4495
35.9611
35.4835
35.0164
34.5596
34.1128
33.6759
33.2487
32.8309
32.4225
32.0232
31.633
31.2516
30.879
30.515
30.1594
29.8122
29.4733
29.1426
28.8198
28.5051
28.1982
27.899
27.6075
27.3237
27.0474
26.7786
26.5172
26.2631
26.0164
25.7768
25.5445
25.3192
25.101
24.8898
24.6856
24.4881
24.2975
24.1136
23.9364
23.7657
23.6014
23.4436
23.292
23.1467
23.0075
22.8745
22.7477
22.627
22.5125
22.4039
22.3013
22.2046
22.1135
22.028
21.9478
21.8728
21.8028
21.7376
21.677
21.6209
21.5691
21.5215
21.4782
21.439
21.4039
21.373
21.3462
21.3236
21.3049
21.2903
21.2794
21.2723
21.2688
21.2688
21.2721
21.2787
21.2884
21.3012
21.3171
21.3358
21.3574
21.382
21.4094
21.4397
21.473
21.5094
21.5488
21.5916
21.6379
21.6879
21.7421
21.8009
21.8649
21.9348
22.0117
22.0968
22.1915
22.2977
22.4177
22.5542
22.7102
22.8894
23.096
23.3316
23.6132
101.019
100.944
100.936
101.046
101.316
101.779
102.461
103.373
104.517
105.883
107.455
109.212
111.125
113.153
115.247
117.342
119.356
121.171
122.671
123.754
124.328
124.329
123.718
122.492
120.676
118.326
115.525
112.38
109.008
105.531
102.051
98.6446
95.3568
92.2071
89.1989
86.3284
83.59
80.9789
78.4917
76.1256
73.8788
71.7487
69.7328
67.8278
66.0298
64.3343
62.7365
61.2308
59.8115
58.4728
57.2087
56.0135
54.8815
53.8074
52.7863
51.8135
50.8848
49.9962
49.1443
48.3256
47.5374
46.777
46.0422
45.3308
44.6411
43.9715
43.3205
42.6868
42.0694
41.4672
40.8795
40.3055
39.7448
39.1967
38.6609
38.137
37.6247
37.1238
36.6339
36.1549
35.6864
35.2284
34.7806
34.3427
33.9147
33.4964
33.0875
32.688
32.2977
31.9164
31.5441
31.1806
30.8257
30.4793
30.1414
29.8117
29.4903
29.177
28.8717
28.5743
28.2848
28.003
27.7289
27.4625
27.2035
26.9521
26.708
26.4712
26.2416
26.0192
25.8038
25.5955
25.394
25.1994
25.0115
24.8302
24.6554
24.4871
24.3252
24.1696
24.0204
23.8774
23.7408
23.6105
23.4863
23.3683
23.2562
23.1499
23.0493
22.9542
22.8644
22.7798
22.7
22.6251
22.5548
22.489
22.4276
22.3707
22.3181
22.2698
22.2259
22.1864
22.1512
22.1202
22.0934
22.0705
22.0517
22.0366
22.0252
22.0173
22.013
22.012
22.0144
22.0199
22.0286
22.0404
22.0554
22.0734
22.0946
22.119
22.1465
22.1775
22.2119
22.25
22.292
22.3383
22.3894
22.4457
22.5082
22.5776
22.6553
22.7426
22.8415
22.9542
23.0835
23.2324
23.4048
23.6049
23.8341
24.1124
101.431
101.472
101.583
101.801
102.158
102.68
103.387
104.29
105.392
106.687
108.163
109.799
111.563
113.411
115.285
117.115
118.819
120.309
121.497
122.305
122.666
122.534
121.886
120.725
119.074
116.983
114.523
111.781
108.855
105.842
102.824
99.8637
96.997
94.2387
91.5893
89.0415
86.5869
84.2182
81.931
79.7234
77.5955
75.5484
73.5834
71.7016
69.9038
68.1896
66.5579
65.0067
63.5332
62.1339
60.805
59.5423
58.3414
57.1981
56.1082
55.0676
54.0724
53.1191
52.2041
51.3245
50.4773
49.6599
48.87
48.1055
47.3644
46.6451
45.9462
45.2661
44.6038
43.9581
43.3282
42.7133
42.1128
41.526
40.9526
40.392
39.844
39.3083
38.7845
38.2723
37.7716
37.2821
36.8035
36.3357
35.8785
35.4316
34.9949
34.5683
34.1514
33.7443
33.3467
32.9585
32.5795
32.2096
31.8487
31.4965
31.153
30.8181
30.4916
30.1735
29.8637
29.562
29.2683
28.9826
28.7047
28.4346
28.1722
27.9174
27.67
27.43
27.1973
26.9719
26.7535
26.5421
26.3376
26.14
25.949
25.7646
25.5868
25.4154
25.2506
25.0923
24.9404
24.7949
24.6558
24.5229
24.3961
24.2752
24.1602
24.0507
23.9467
23.8478
23.7541
23.6653
23.5812
23.5018
23.4271
23.3568
23.2911
23.23
23.1733
23.1212
23.0735
23.0302
22.9913
22.9565
22.9258
22.899
22.8761
22.8569
22.8414
22.8294
22.8209
22.8157
22.814
22.8155
22.8203
22.8283
22.8397
22.8544
22.8725
22.894
22.9192
22.9482
22.9812
23.0185
23.0607
23.1083
23.1619
23.2225
23.2913
23.3697
23.4595
23.5631
23.6832
23.823
23.9863
24.1778
24.3987
24.6716
101.72
101.836
102.02
102.302
102.707
103.253
103.956
104.825
105.865
107.07
108.43
109.926
111.524
113.183
114.846
116.445
117.909
119.16
120.126
120.742
120.959
120.744
120.086
118.992
117.489
115.623
113.456
111.061
108.516
105.9
103.276
100.695
98.185
95.7588
93.4163
91.1506
88.9527
86.8141
84.7292
82.6953
80.7121
78.7812
76.9054
75.0878
73.3315
71.6389
70.0117
68.4506
66.9554
65.5248
64.1571
62.8498
61.6001
60.405
59.2613
58.1659
57.1155
56.1071
55.1375
54.204
53.304
52.4351
51.5948
50.7812
49.9925
49.2269
48.4829
47.7593
47.0546
46.3679
45.6981
45.0445
44.4064
43.7831
43.1741
42.579
41.9973
41.4288
40.8731
40.3299
39.799
39.28
38.7728
38.2772
37.7928
37.3196
36.8573
36.4057
35.9646
35.5339
35.1133
34.7028
34.302
33.911
33.5293
33.1571
32.794
32.4399
32.0948
31.7585
31.4308
31.1116
30.8009
30.4985
30.2043
29.9181
29.6399
29.3695
29.1069
28.8519
28.6044
28.3644
28.1316
27.9059
27.6874
27.4757
27.2709
27.0729
26.8815
26.6968
26.5187
26.3472
26.1823
26.0239
25.872
25.7264
25.587
25.4536
25.3261
25.2042
25.0879
24.9769
24.871
24.7701
24.674
24.5828
24.4963
24.4144
24.3371
24.2645
24.1966
24.1332
24.0744
24.0201
23.9702
23.9245
23.883
23.8455
23.812
23.7824
23.7564
23.7342
23.7155
23.7003
23.6885
23.6801
23.6751
23.6735
23.6753
23.6805
23.6891
23.7013
23.7172
23.7368
23.7606
23.7887
23.8215
23.8597
23.9038
23.9547
24.0136
24.0819
24.1614
24.2543
24.3635
24.4922
24.6445
24.8252
25.0356
25.3012
101.938
102.103
102.332
102.65
103.074
103.619
104.297
105.115
106.077
107.181
108.416
109.765
111.199
112.677
114.148
115.555
116.831
117.911
118.731
119.241
119.401
119.185
118.586
117.612
116.29
114.657
112.767
110.68
108.46
106.17
103.863
101.581
99.3487
97.1798
95.0755
93.0309
91.038
89.0887
87.1763
85.297
83.4491
81.6337
79.8531
78.1108
76.4107
74.7567
73.1521
71.5994
70.1004
68.6558
67.2655
65.9289
64.6444
63.4105
62.225
61.0857
59.9901
58.9357
57.92
56.9406
55.9952
55.0814
54.1973
53.3408
52.5101
51.7036
50.9199
50.1574
49.4151
48.6918
47.9865
47.2983
46.6265
45.9704
45.3295
44.7032
44.0913
43.4932
42.9086
42.3372
41.7788
41.2331
40.6999
40.1788
39.6697
39.1724
38.6866
38.2122
37.7489
37.2966
36.855
36.424
36.0034
35.593
35.1926
34.802
34.421
34.0496
33.6875
33.3347
32.9909
32.656
32.33
32.0125
31.7036
31.4031
31.1108
30.8266
30.5503
30.282
30.0213
29.7683
29.5227
29.2844
29.0533
28.8293
28.6123
28.4021
28.1988
28.0022
27.8124
27.6293
27.4529
27.2831
27.1199
26.9631
26.8126
26.6682
26.5297
26.3969
26.2696
26.1478
26.0311
25.9195
25.8129
25.7111
25.614
25.5217
25.4342
25.3513
25.2732
25.1997
25.1308
25.0665
25.0066
24.951
24.8996
24.8523
24.809
24.7696
24.734
24.7021
24.6738
24.6491
24.6278
24.61
24.5957
24.5847
24.5772
24.5731
24.5725
24.5754
24.582
24.5923
24.6066
24.6252
24.6484
24.6767
24.7107
24.7513
24.7994
24.8565
24.9242
25.0049
25.1013
25.2169
25.3557
25.523
25.7205
25.9761
102.132
102.335
102.592
102.928
103.355
103.882
104.517
105.266
106.131
107.111
108.198
109.376
110.621
111.899
113.167
114.375
115.467
116.388
117.087
117.521
117.658
117.477
116.973
116.153
115.036
113.656
112.054
110.277
108.377
106.403
104.399
102.4
100.428
98.4986
96.6144
94.7739
92.9718
91.2011
89.4556
87.7308
86.024
84.3347
82.6642
81.0154
79.3918
77.7976
76.2369
74.7133
73.23
71.7893
70.3927
69.0408
67.734
66.4718
65.2534
64.0775
62.9426
61.8471
60.789
59.7664
58.7775
57.8204
56.8932
55.9942
55.1216
54.274
53.4499
52.6481
51.8673
51.1064
50.3644
49.6405
48.9339
48.2439
47.5698
46.9112
46.2676
45.6386
45.0239
44.4231
43.8359
43.2621
42.7014
42.1535
41.6183
41.0955
40.585
40.0864
39.5996
39.1244
38.6606
38.2079
37.7662
37.3353
36.9149
36.5049
36.1051
35.7153
35.3353
34.965
34.6043
34.2529
33.9106
33.5774
33.2531
32.9375
32.6304
32.3317
32.0413
31.759
31.4847
31.2181
30.9592
30.7078
30.4637
30.2268
29.9971
29.7745
29.5587
29.3498
29.1478
28.9527
28.7644
28.5829
28.408
28.2396
28.0775
27.9217
27.7718
27.6276
27.4891
27.3559
27.2281
27.1053
26.9876
26.8748
26.7668
26.6636
26.5652
26.4716
26.3827
26.2986
26.219
26.1441
26.0736
26.0074
25.9455
25.8877
25.8339
25.784
25.7379
25.6956
25.6569
25.6218
25.5902
25.5621
25.5374
25.5162
25.4983
25.4839
25.4729
25.4654
25.4615
25.4613
25.4649
25.4726
25.4847
25.5017
25.524
25.5524
25.5878
25.6316
25.6855
25.7515
25.8324
25.9318
26.0539
26.2045
26.3857
26.6273
102.299
102.526
102.798
103.137
103.552
104.047
104.627
105.296
106.055
106.9
107.826
108.821
109.864
110.931
111.985
112.987
113.893
114.658
115.24
115.604
115.724
115.583
115.175
114.505
113.589
112.451
111.123
109.64
108.042
106.367
104.649
102.917
101.192
99.4869
97.8089
96.1591
94.535
92.9323
91.3462
89.7722
88.2076
86.6509
85.102
83.5627
82.0355
80.5239
79.0318
77.5631
76.1214
74.7098
73.331
71.9868
70.6786
69.4073
68.1732
66.9761
65.8156
64.6907
63.6004
62.5436
61.5188
60.5248
59.56
58.6229
57.7123
56.8267
55.965
55.126
54.3085
53.5116
52.7343
51.9757
51.2351
50.5118
49.8052
49.1148
48.44
47.7806
47.136
46.506
45.8903
45.2886
44.7006
44.1261
43.5649
43.0168
42.4815
41.9589
41.4487
40.9507
40.4646
39.9904
39.5278
39.0765
38.6363
38.207
37.7884
37.3804
36.9828
36.5952
36.2177
35.85
35.4919
35.1432
34.8038
34.4734
34.1519
33.8391
33.5349
33.239
32.9514
32.6717
32.3999
32.1356
31.8789
31.6296
31.3876
31.1527
30.9248
30.704
30.4901
30.2832
30.0832
29.8901
29.7036
29.5238
29.3504
29.1831
29.0218
28.8663
28.7165
28.572
28.4329
28.2989
28.17
28.046
27.9268
27.8125
27.703
27.5983
27.4984
27.4031
27.3125
27.2265
27.1449
27.0676
26.9946
26.9256
26.8606
26.7996
26.7423
26.6888
26.6389
26.5926
26.5497
26.5104
26.4744
26.4418
26.4126
26.3868
26.3643
26.3452
26.3295
26.3175
26.309
26.3045
26.304
26.308
26.3169
26.3314
26.3523
26.3807
26.4183
26.467
26.5297
26.6098
26.712
26.8422
27.0037
27.2268
102.431
102.67
102.943
103.272
103.662
104.114
104.63
105.212
105.859
106.566
107.329
108.137
108.977
109.83
110.67
111.467
112.187
112.797
113.262
113.554
113.65
113.537
113.208
112.667
111.924
110.996
109.907
108.684
107.354
105.947
104.489
103.003
101.506
100.011
98.5259
97.0544
95.5967
94.1509
92.7143
91.2838
89.857
88.4322
87.0088
85.5873
84.1693
82.7572
81.3539
79.9628
78.5873
77.2306
75.8955
74.5846
73.2999
72.0432
70.8156
69.618
68.4507
67.3137
66.2068
65.1296
64.0814
63.0614
62.0687
61.1023
60.1611
59.2442
58.3507
57.4796
56.6299
55.8009
54.9917
54.2016
53.4299
52.6759
51.9391
51.219
50.5151
49.827
49.1545
48.497
47.8544
47.2264
46.6127
46.0132
45.4275
44.8554
44.2968
43.7515
43.2192
42.6997
42.1929
41.6984
41.2161
40.7458
40.2871
39.8399
39.4039
38.979
38.565
38.1616
37.7687
37.386
37.0134
36.6505
36.2974
35.9536
35.6191
35.2935
34.9768
34.6688
34.3691
34.0777
33.7942
33.5185
33.2505
32.99
32.7368
32.4909
32.2521
32.0203
31.7956
31.578
31.3673
31.1635
30.9664
30.776
30.5919
30.414
30.242
30.0758
29.9152
29.76
29.61
29.4652
29.3254
29.1905
29.0604
28.9352
28.8147
28.699
28.588
28.4817
28.3799
28.2827
28.1898
28.1012
28.0167
27.9362
27.8597
27.787
27.7181
27.6528
27.5911
27.5329
27.4781
27.4267
27.3786
27.3339
27.2924
27.2542
27.2192
27.1875
27.1591
27.134
27.1123
27.0942
27.0799
27.0695
27.0636
27.0625
27.0671
27.0783
27.0975
27.1267
27.1684
27.2263
27.3052
27.4115
27.5499
27.7502
102.517
102.754
103.017
103.323
103.676
104.076
104.522
105.014
105.548
106.121
106.726
107.356
108.002
108.651
109.285
109.885
110.427
110.884
111.231
111.446
111.509
111.407
111.134
110.691
110.083
109.324
108.43
107.419
106.314
105.134
103.901
102.63
101.337
100.032
98.7244
97.4175
96.1136
94.8131
93.5149
92.2177
90.9199
89.6203
88.3183
87.0139
85.7078
84.4017
83.0973
81.7974
80.5043
79.221
77.9499
76.6937
75.4545
74.2344
73.0351
71.8579
70.7039
69.5737
68.4679
67.3867
66.3301
65.298
64.2899
63.3055
62.3441
61.4052
60.4882
59.5925
58.7175
57.8626
57.0272
56.2106
55.4124
54.6321
53.8691
53.123
52.3935
51.6802
50.9828
50.301
49.6344
48.983
48.3463
47.7243
47.1168
46.5234
45.9441
45.3786
44.8268
44.2883
43.7631
43.2509
42.7514
42.2644
41.7897
41.327
40.8761
40.4368
40.0088
39.5919
39.186
38.7908
38.406
38.0315
37.6669
37.3121
36.9669
36.631
36.3042
35.9863
35.677
35.3761
35.0833
34.7985
34.5213
34.2518
33.9896
33.7348
33.4871
33.2465
33.0129
32.7865
32.5669
32.3543
32.1483
31.9489
31.7558
31.5687
31.3875
31.2119
31.0418
30.8771
30.7175
30.563
30.4133
30.2685
30.1284
29.993
29.8623
29.7362
29.6148
29.4979
29.3855
29.2774
29.1736
29.0739
28.9782
28.8865
28.7985
28.7142
28.6335
28.5564
28.4827
28.4124
28.3454
28.2817
28.2212
28.1638
28.1096
28.0585
28.0105
27.9655
27.9236
27.8848
27.8491
27.8166
27.7874
27.7618
27.7399
27.7221
27.7091
27.7016
27.7008
27.7085
27.7272
27.7604
27.8131
27.8923
28.0043
28.1777
102.544
102.768
103.009
103.282
103.589
103.929
104.3
104.701
105.127
105.573
106.034
106.502
106.973
107.437
107.884
108.303
108.678
108.991
109.224
109.359
109.38
109.275
109.035
108.66
108.152
107.519
106.772
105.926
104.996
103.997
102.946
101.854
100.734
99.5948
98.4428
97.283
96.118
94.9491
93.7767
92.6005
91.4199
90.2344
89.0437
87.8478
86.6474
85.4431
84.2365
83.0292
81.823
80.62
79.4224
78.2323
77.0516
75.8825
74.7266
73.5855
72.4605
71.353
70.2636
69.1934
68.1427
67.112
66.1014
65.111
64.1407
63.1903
62.2596
61.3484
60.4565
59.5834
58.7289
57.8927
57.0743
56.2734
55.4897
54.723
53.9728
53.2389
52.5212
51.8192
51.1329
50.4621
49.8065
49.1659
48.5403
47.9293
47.3329
46.7509
46.183
45.6291
45.089
44.5625
44.0493
43.5492
43.062
42.5872
42.1248
41.6745
41.2359
40.809
40.3935
39.9891
39.5956
39.2127
38.8401
38.4777
38.1252
37.7822
37.4486
37.1241
36.8084
36.5013
36.2024
35.9116
35.6285
35.3531
35.0851
34.8244
34.5708
34.3243
34.0849
33.8524
33.6268
33.408
33.1958
32.99
32.7903
32.5964
32.4083
32.2256
32.0483
31.8761
31.7089
31.5465
31.3889
31.2359
31.0875
30.9436
30.8042
30.6692
30.5387
30.4126
30.2907
30.173
30.0593
29.9496
29.8437
29.7415
29.6428
29.5477
29.456
29.3676
29.2825
29.2006
29.1218
29.0461
28.9734
28.9037
28.837
28.7731
28.7121
28.6539
28.5984
28.5458
28.4959
28.4489
28.4047
28.3634
28.3251
28.2902
28.259
28.232
28.2103
28.1954
28.1895
28.1962
28.2204
28.2698
28.3526
28.4952
102.5
102.701
102.911
103.142
103.396
103.672
103.967
104.279
104.603
104.934
105.266
105.595
105.914
106.219
106.505
106.765
106.991
107.174
107.301
107.358
107.333
107.213
106.991
106.66
106.221
105.678
105.039
104.313
103.513
102.651
101.738
100.786
99.8047
98.8002
97.7785
96.7438
95.6985
94.6442
93.5816
92.5111
91.4328
90.3465
89.2525
88.151
87.0425
85.9278
84.8078
83.6838
82.5571
81.4294
80.3022
79.1773
78.0563
76.9411
75.8332
74.7343
73.6458
72.5689
71.5051
70.4552
69.4202
68.4008
67.3977
66.4111
65.4415
64.4891
63.554
62.6364
61.7361
60.8533
59.9878
59.1396
58.3084
57.4941
56.6966
55.9157
55.1511
54.4029
53.6707
52.9544
52.254
51.5691
50.8998
50.2459
49.6073
48.9837
48.3751
47.7813
47.2022
46.6375
46.0872
45.5509
45.0285
44.5198
44.0244
43.542
43.0724
42.6154
42.1707
41.7381
41.3172
40.9079
40.5099
40.1228
39.7464
39.3805
39.0247
38.6788
38.3425
38.0155
37.6975
37.3882
37.0873
36.7944
36.5094
36.2321
35.9622
35.6995
35.4439
35.1953
34.9536
34.7189
34.4908
34.2694
34.0545
33.8457
33.6428
33.4455
33.2536
33.067
32.8854
32.7087
32.5368
32.3695
32.2066
32.0481
31.8939
31.744
31.5983
31.4569
31.3196
31.1863
31.0571
30.9319
30.8104
30.6925
30.5782
30.4673
30.3597
30.2553
30.1541
30.0559
29.9608
29.8686
29.7793
29.6929
29.6092
29.5282
29.4499
29.3742
29.3011
29.2305
29.1623
29.0966
29.0332
28.9722
28.9135
28.857
28.8029
28.7511
28.7018
28.6555
28.6128
28.5749
28.5438
28.5228
28.517
28.5342
28.5853
28.6939
102.38
102.55
102.721
102.905
103.104
103.314
103.534
103.762
103.993
104.222
104.444
104.654
104.847
105.021
105.173
105.301
105.402
105.473
105.506
105.492
105.42
105.281
105.063
104.76
104.369
103.889
103.325
102.685
101.978
101.214
100.403
99.5548
98.677
97.7759
96.8561
95.9208
94.972
94.0108
93.0379
92.0536
91.0582
90.0519
89.0352
88.0084
86.9724
85.9277
84.8755
83.8168
82.7527
81.6847
80.614
79.5421
78.4705
77.4008
76.3345
75.2732
74.2182
73.1709
72.1327
71.1048
70.0883
69.0841
68.0931
67.1159
66.1532
65.2054
64.2729
63.3561
62.4552
61.5705
60.7019
59.8496
59.0136
58.194
57.3906
56.6034
55.8323
55.0773
54.3383
53.6153
52.908
52.2165
51.5407
50.8805
50.2357
49.6063
48.9922
48.3932
47.8092
47.24
46.6856
46.1456
45.6199
45.1083
44.6104
44.1259
43.6547
43.1964
42.7508
42.3176
41.8966
41.4874
41.0899
40.7036
40.3282
39.9636
39.6093
39.2651
38.9306
38.6057
38.2898
37.9829
37.6843
37.3939
37.1114
36.8366
36.5691
36.3087
36.0554
35.809
35.5694
35.3365
35.1103
34.8904
34.6767
34.469
34.2669
34.07
33.8783
33.6915
33.5094
33.3319
33.1588
32.9901
32.8254
32.6648
32.5082
32.3556
32.2069
32.062
31.921
31.7837
31.6502
31.5202
31.3937
31.2704
31.1504
31.0335
30.9195
30.8084
30.7001
30.5946
30.4918
30.3916
30.2939
30.1988
30.1061
30.0158
29.9279
29.8422
29.7588
29.6775
29.5982
29.521
29.4456
29.3721
29.3002
29.2299
29.1611
29.0936
29.0275
28.9627
28.8998
28.8394
28.7832
28.7342
28.6973
28.6807
28.6978
28.7689
102.187
102.32
102.451
102.587
102.73
102.878
103.028
103.18
103.329
103.47
103.6
103.712
103.804
103.873
103.919
103.942
103.944
103.924
103.88
103.805
103.691
103.53
103.309
103.021
102.659
102.222
101.71
101.129
100.485
99.7891
99.0486
98.2726
97.468
96.6404
95.7937
94.9301
94.0511
93.1574
92.249
91.3262
90.3891
89.4381
88.4735
87.4963
86.5071
85.5071
84.4972
83.4787
82.4529
81.4211
80.3846
79.345
78.3036
77.2621
76.2219
75.1846
74.1516
73.1243
72.1042
71.0926
70.0905
69.0992
68.1195
67.1523
66.1983
65.2582
64.3326
63.4218
62.5262
61.6461
60.7818
59.9333
59.1009
58.2845
57.4842
56.7
55.9319
55.1798
54.4437
53.7235
53.0192
52.3308
51.6581
51.0012
50.3598
49.734
49.1236
48.5285
47.9486
47.3837
46.8336
46.2982
45.7773
45.2706
44.7778
44.2987
43.833
43.3803
42.9405
42.5133
42.0984
41.6954
41.3042
40.9243
40.5556
40.1975
39.8499
39.5124
39.1846
38.8664
38.5573
38.2571
37.9653
37.6817
37.406
37.1379
36.877
36.6231
36.3762
36.136
35.9026
35.6756
35.4551
35.2407
35.0323
34.8296
34.6321
34.4397
34.2519
34.0687
33.89
33.7154
33.545
33.3785
33.2157
33.0567
32.9013
32.7495
32.6013
32.4566
32.3153
32.1774
32.0429
31.9116
31.7834
31.6581
31.5357
31.416
31.2988
31.1841
31.0719
30.9621
30.8546
30.7493
30.6462
30.5452
30.4464
30.3495
30.2546
30.1616
30.0703
29.9808
29.8928
29.8064
29.7213
29.6375
29.5547
29.4727
29.3912
29.31
29.2287
29.1473
29.0656
28.984
28.9037
28.8269
28.7585
28.7066
28.6871
28.7168
101.96
102.058
102.151
102.244
102.339
102.433
102.526
102.615
102.697
102.769
102.826
102.863
102.878
102.869
102.837
102.784
102.714
102.628
102.525
102.402
102.253
102.067
101.835
101.547
101.195
100.777
100.291
99.742
99.1349
98.4777
97.7786
97.0453
96.2841
95.4997
94.6954
93.8729
93.033
92.1758
91.3012
90.4091
89.4995
88.5729
87.6298
86.6712
85.6982
84.7122
83.7144
82.7065
81.69
80.6664
79.6373
78.6045
77.5696
76.5342
75.4999
74.4684
73.4413
72.42
71.406
70.4007
69.4052
68.4207
67.4483
66.4887
65.5428
64.6113
63.6947
62.7934
61.908
61.0386
60.1854
59.3487
58.5285
57.7249
56.9378
56.1671
55.4129
54.6751
53.9536
53.2483
52.5592
51.8861
51.229
50.5877
49.9621
49.3521
48.7575
48.1782
47.6141
47.0649
46.5304
46.0105
45.5048
45.0132
44.5353
44.0709
43.6197
43.1814
42.7556
42.3422
41.9408
41.5511
41.1729
40.8058
40.4495
40.1037
39.768
39.4421
39.1257
38.8184
38.5201
38.2304
37.949
37.6756
37.4098
37.1514
36.9001
36.6555
36.4177
36.1865
35.9617
35.7433
35.5309
35.3245
35.1238
34.9285
34.7383
34.5526
34.3714
34.1944
34.0216
33.8526
33.6874
33.5258
33.3676
33.213
33.0616
32.9135
32.7686
32.6269
32.4884
32.3529
32.2205
32.0909
31.9641
31.84
31.7183
31.599
31.482
31.367
31.2542
31.1433
31.0344
30.9274
30.8221
30.7186
30.6168
30.5165
30.4178
30.3205
30.2245
30.1297
30.0361
29.9433
29.8514
29.76
29.6689
29.5777
29.486
29.3934
29.2992
29.203
29.1043
29.0028
28.8989
28.7942
28.6928
28.6024
28.5418
28.5221
101.765
101.835
101.898
101.959
102.017
102.072
102.123
102.167
102.201
102.222
102.227
102.21
102.171
102.109
102.025
101.924
101.808
101.68
101.54
101.385
101.208
101
100.752
100.453
100.097
99.6792
99.1996
98.6606
98.0676
97.4273
96.7468
96.0329
95.2907
94.5243
93.7361
92.9275
92.0986
91.2495
90.38
89.4898
88.5792
87.6488
86.6994
85.7324
84.749
83.7511
82.7405
81.719
80.6885
79.651
78.6084
77.5627
76.5158
75.4695
74.4256
73.386
72.3523
71.3261
70.3088
69.3019
68.3066
67.3239
66.355
65.4008
64.4618
63.5389
62.6325
61.7431
60.871
60.0164
59.1795
58.3604
57.5589
56.7751
56.0089
55.26
54.5283
53.8138
53.1161
52.4352
51.7709
51.1229
50.4911
49.8753
49.2753
48.6908
48.1217
47.5676
47.0284
46.5038
45.9935
45.4972
45.0147
44.5458
44.0899
43.6469
43.2165
42.7982
42.3919
41.9972
41.6139
41.2416
40.8801
40.529
40.188
39.8568
39.535
39.2223
38.9184
38.6231
38.3361
38.057
37.7857
37.5219
37.2653
37.0156
36.7725
36.5358
36.3055
36.0814
35.8634
35.6513
35.445
35.2443
35.049
34.8588
34.6734
34.4923
34.3153
34.1422
33.973
33.8075
33.6455
33.487
33.3317
33.1797
33.0308
32.885
32.7422
32.6024
32.4655
32.3316
32.2005
32.0721
31.9464
31.8231
31.7021
31.5833
31.4666
31.3518
31.2389
31.1277
31.0183
30.9104
30.8041
30.6993
30.5958
30.4936
30.3926
30.2927
30.1936
30.0954
29.9978
29.9006
29.8036
29.7066
29.6091
29.5107
29.4108
29.3086
29.2035
29.0944
28.9803
28.8602
28.7337
28.601
28.465
28.3318
28.2232
28.1398
101.623
101.673
101.715
101.753
101.786
101.814
101.836
101.848
101.849
101.835
101.803
101.749
101.674
101.576
101.461
101.33
101.188
101.037
100.877
100.703
100.508
100.284
100.021
99.7097
99.3442
98.921
98.4395
97.9026
97.3149
96.6823
96.0109
95.306
94.5721
93.8122
93.0282
92.2207
91.3902
90.5363
89.659
88.7584
87.8348
86.8891
85.9226
84.9367
83.9333
82.9145
81.8824
80.8393
79.7873
78.7289
77.6663
76.6016
75.537
74.4746
73.4164
72.3643
71.32
70.2853
69.2616
68.2503
67.2528
66.27
65.303
64.3527
63.4198
62.505
61.6086
60.7312
59.8729
59.034
58.2145
57.4144
56.6335
55.8716
55.1285
54.4039
53.6975
53.0091
52.3384
51.6849
51.0486
50.429
49.8258
49.2388
48.6675
48.1118
47.5711
47.0452
46.5337
46.0363
45.5526
45.0823
44.625
44.1804
43.7481
43.3278
42.9192
42.5218
42.1354
41.7596
41.3942
41.0389
40.6934
40.3574
40.0305
39.7123
39.4026
39.1011
38.8074
38.5214
38.2427
37.9711
37.7063
37.4483
37.1968
36.9515
36.7121
36.4785
36.2507
36.0286
35.8121
35.6009
35.3951
35.1944
34.9987
34.8077
34.6211
34.4385
34.2598
34.0847
33.9133
33.7454
33.5809
33.4196
33.2616
33.1067
32.9549
32.8062
32.6604
32.5175
32.3776
32.2405
32.1063
31.9748
31.846
31.7196
31.5957
31.474
31.3543
31.2366
31.1208
31.0068
30.8944
30.7835
30.6741
30.5661
30.4593
30.3537
30.2491
30.1454
30.0423
29.9398
29.8376
29.7355
29.6332
29.5303
29.4264
29.3209
29.2131
29.1021
28.9867
28.8657
28.7374
28.6001
28.4523
28.2929
28.1228
27.9455
27.7856
27.6248
101.533
101.568
101.595
101.617
101.633
101.643
101.645
101.635
101.612
101.573
101.513
101.433
101.331
101.21
101.073
100.926
100.77
100.608
100.438
100.254
100.049
99.8145
99.5411
99.2211
98.8487
98.4214
97.9393
97.4049
96.8226
96.1973
95.5341
94.8374
94.1106
93.3561
92.5752
91.7684
90.9359
90.0774
89.1931
88.283
87.3478
86.3886
85.4068
84.4043
83.383
82.3454
81.294
80.2311
79.1594
78.0816
77
75.9172
74.8355
73.7572
72.6845
71.6194
70.5638
69.5195
68.4881
67.4709
66.4693
65.4844
64.5172
63.5687
62.6395
61.7303
60.8416
59.9737
59.127
58.3015
57.4973
56.7142
55.952
55.2104
54.4889
53.7872
53.1049
52.4416
51.7968
51.1701
50.5611
49.9693
49.3943
48.8356
48.2929
47.7655
47.253
46.755
46.271
45.8005
45.3431
44.8983
44.4657
44.0449
43.6355
43.237
42.8492
42.4715
42.1037
41.7453
41.3962
41.0561
40.7245
40.4013
40.086
39.7783
39.4778
39.1844
38.8976
38.6173
38.3431
38.0749
37.8125
37.5559
37.3047
37.0588
36.818
36.5821
36.3513
36.1253
35.9043
35.6879
35.4762
35.2691
35.0664
34.8679
34.6734
34.4826
34.2953
34.1114
33.9308
33.7536
33.5797
33.4089
33.2414
33.0769
32.9156
32.7573
32.6021
32.4498
32.3005
32.1542
32.0109
31.8705
31.7329
31.5981
31.4658
31.336
31.2084
31.0831
30.9598
30.8384
30.7189
30.6009
30.4846
30.3697
30.2561
30.1437
30.0323
29.9217
29.8117
29.7022
29.5928
29.4833
29.3734
29.2625
29.1502
29.0359
28.9184
28.7969
28.67
28.5358
28.3923
28.2371
28.0674
27.8803
27.6746
27.4496
27.2325
26.9736
101.482
101.505
101.522
101.533
101.538
101.536
101.525
101.502
101.464
101.406
101.328
101.227
101.107
100.969
100.819
100.661
100.498
100.331
100.157
99.97
99.7627
99.5256
99.2504
98.9295
98.5583
98.1342
97.6578
97.1314
96.5589
95.9446
95.2928
94.6073
93.8909
93.1457
92.3726
91.5721
90.744
89.8882
89.0047
88.0936
87.1555
86.1916
85.2033
84.1924
83.1614
82.1125
81.0485
79.972
78.8861
77.7933
76.6967
75.5987
74.5022
73.4095
72.323
71.245
70.1776
69.1225
68.0816
67.0562
66.0478
65.0575
64.0866
63.1359
62.2063
61.2984
60.4129
59.5501
58.7103
57.8936
57.1001
56.3295
55.5816
54.8558
54.1518
53.4691
52.8072
52.1654
51.5432
50.94
50.3553
49.7885
49.2389
48.7061
48.1894
47.6882
47.2018
46.7296
46.2711
45.8257
45.3927
44.9717
44.562
44.1632
43.7747
43.3961
43.0271
42.667
42.3155
41.9722
41.6368
41.3091
40.9888
40.6754
40.3686
40.068
39.7733
39.4843
39.2006
38.922
38.6482
38.3791
38.1145
37.8544
37.5986
37.3471
37.0995
36.8559
36.6164
36.3808
36.1492
35.9216
35.6978
35.4779
35.2619
35.0495
34.8405
34.6348
34.4322
34.2327
34.0364
33.8431
33.653
33.466
33.2822
33.1015
32.9239
32.7496
32.5783
32.4102
32.2452
32.0833
31.9247
31.7692
31.6168
31.4674
31.321
31.1774
31.0364
30.8979
30.7618
30.6279
30.4961
30.3662
30.2381
30.1116
29.9866
29.8629
29.7403
29.6186
29.4975
29.3769
29.2564
29.1357
29.0143
28.8919
28.7676
28.6407
28.5103
28.375
28.2331
28.0827
27.9209
27.7446
27.5498
27.3315
27.0858
26.8062
26.5222
26.1353
101.462
101.477
101.485
101.488
101.485
101.476
101.458
101.427
101.38
101.312
101.223
101.11
100.977
100.827
100.667
100.5
100.331
100.16
99.9853
99.8
99.5965
99.3656
99.0984
98.7878
98.4283
98.0178
97.556
97.0451
96.4883
95.8897
95.2534
94.5828
93.881
93.1497
92.3902
91.6028
90.7874
89.9435
89.071
88.1696
87.2397
86.2822
85.2982
84.2895
83.2584
82.2072
81.1386
80.0557
78.9613
77.8586
76.7506
75.6404
74.5307
73.4244
72.3242
71.2324
70.1513
69.0832
68.0297
66.9926
65.9734
64.9734
63.9939
63.036
62.1007
61.1887
60.3007
59.4372
58.5985
57.7849
56.9962
56.2324
55.4931
54.7779
54.0862
53.4174
52.7709
52.146
51.542
50.9581
50.3937
49.848
49.3203
48.8098
48.3158
47.8376
47.3742
46.925
46.4891
46.066
45.6547
45.2548
44.8654
44.4859
44.1158
43.7544
43.4012
43.0558
42.7175
42.3862
42.0614
41.7428
41.4301
41.1228
40.8207
40.5234
40.2304
39.9416
39.6567
39.3754
39.0974
38.8227
38.5511
38.2827
38.0174
37.7551
37.4955
37.2389
36.9852
36.7345
36.4868
36.2422
36.0006
35.7622
35.5269
35.2947
35.0654
34.8389
34.6151
34.3941
34.1759
33.9606
33.7483
33.539
33.3328
33.1298
32.93
32.7334
32.5402
32.3501
32.1634
31.98
31.8001
31.6235
31.4504
31.2806
31.1141
30.9508
30.7905
30.6331
30.4785
30.3264
30.1767
30.0291
29.8836
29.7399
29.5979
29.4574
29.3182
29.18
29.0424
28.9054
28.7683
28.631
28.4929
28.3534
28.2117
28.0671
27.9182
27.7636
27.6014
27.4291
27.2434
27.0402
26.814
26.5579
26.2642
25.9191
25.5533
24.9991
101.453
101.462
101.464
101.461
101.453
101.439
101.418
101.385
101.337
101.268
101.176
101.06
100.922
100.765
100.595
100.419
100.242
100.065
99.8873
99.7035
99.5063
99.2866
99.0351
98.7435
98.4056
98.0176
97.5786
97.0896
96.5534
95.9739
95.3552
94.7014
94.0157
93.3007
92.5579
91.7878
90.9904
90.165
89.3111
88.4279
87.5152
86.5733
85.6028
84.6052
83.5823
82.5362
81.4697
80.3857
79.2872
78.1777
77.0606
75.939
74.8163
73.6955
72.5796
71.4715
70.3737
69.2886
68.2184
67.1648
66.1298
65.1147
64.1212
63.1505
62.2037
61.2819
60.3857
59.5157
58.6724
57.8561
57.0668
56.3044
55.5685
54.8586
54.1742
53.5145
52.8789
52.2665
51.6765
51.1079
50.56
50.0316
49.5221
49.0305
48.5558
48.0971
47.6534
47.2239
46.8075
46.4034
46.0107
45.6286
45.2563
44.8928
44.5376
44.19
43.8492
43.5148
43.1862
42.8629
42.5446
42.231
41.9217
41.6163
41.3145
41.0158
40.7201
40.4268
40.1359
39.8471
39.5601
39.2749
38.9914
38.7096
38.4297
38.1516
37.875
37.6001
37.3272
37.0562
36.7872
36.5204
36.2559
35.9937
35.7339
35.4767
35.2218
34.9692
34.719
34.4712
34.2258
33.9832
33.7432
33.5061
33.272
33.041
32.8132
32.5888
32.3676
32.1498
31.9354
31.7245
31.5171
31.3133
31.1131
30.9166
30.7236
30.534
30.3478
30.1649
29.9849
29.8079
29.6334
29.4613
29.2914
29.1236
28.9576
28.7932
28.6302
28.4682
28.307
28.1463
27.9856
27.8244
27.6622
27.4984
27.3321
27.1623
26.9876
26.8064
26.6163
26.4145
26.1971
25.9589
25.6931
25.3902
25.0387
24.6158
24.1521
23.3898
101.446
101.448
101.443
101.433
101.419
101.4
101.375
101.341
101.293
101.228
101.14
101.028
100.89
100.73
100.555
100.369
100.18
99.9915
99.8049
99.6173
99.4227
99.2127
98.9774
98.7075
98.3948
98.0338
97.6213
97.157
96.6429
96.0826
95.4804
94.841
94.1686
93.4667
92.7376
91.9823
91.2012
90.3934
89.5581
88.6939
87.8001
86.8761
85.9218
84.9379
83.9256
82.8867
81.8236
80.7392
79.6366
78.5193
77.3911
76.2556
75.1164
73.9772
72.8412
71.7117
70.5919
69.4843
68.3915
67.3158
66.2592
65.2235
64.2105
63.2218
62.2586
61.322
60.4131
59.5325
58.6806
57.8579
57.0644
56.3
55.5644
54.8569
54.177
53.5238
52.8966
52.2943
51.716
51.1605
50.6268
50.1137
49.6201
49.145
48.6873
48.2457
47.8193
47.4067
47.0071
46.6192
46.2421
45.8747
45.5161
45.1654
44.8216
44.4839
44.1518
43.8244
43.5012
43.1816
42.8654
42.5521
42.2415
41.9331
41.6266
41.3215
41.0177
40.7148
40.4126
40.1109
39.8094
39.5082
39.2073
38.9067
38.6067
38.3072
38.0079
37.7092
37.4113
37.1143
36.8183
36.5236
36.2303
35.9385
35.6484
35.3602
35.0737
34.7891
34.5064
34.2256
33.9469
33.6705
33.3964
33.1249
32.8562
32.5905
32.3278
32.0684
31.8122
31.5594
31.31
31.064
30.8216
30.5829
30.3478
30.1166
29.8891
29.6652
29.445
29.2283
29.0148
28.8045
28.597
28.3922
28.1898
27.9897
27.7917
27.5956
27.401
27.2077
27.0154
26.8236
26.632
26.4401
26.2472
26.0527
25.8555
25.6546
25.4484
25.2351
25.012
24.7759
24.5223
24.2452
23.9363
23.5839
23.1726
22.6705
22.1071
21.1202
101.388
101.385
101.377
101.362
101.342
101.316
101.284
101.245
101.195
101.13
101.045
100.936
100.801
100.64
100.457
100.258
100.051
99.8421
99.6348
99.4298
99.2234
99.0088
98.7766
98.5164
98.2183
97.8744
97.4791
97.0301
96.528
95.9757
95.3775
94.7387
94.0646
93.3598
92.6275
91.8698
91.0874
90.2799
89.4464
88.5852
87.6949
86.7743
85.8227
84.8399
83.8264
82.7835
81.7131
80.6178
79.5009
78.366
77.217
76.0581
74.8933
73.7268
72.5623
71.4037
70.2544
69.1177
67.9964
66.8933
65.8107
64.7509
63.7157
62.707
61.7261
60.7745
59.853
58.9626
58.1035
57.2763
56.4809
55.7172
54.9847
54.2827
53.6105
52.9671
52.3514
51.7624
51.1988
50.6592
50.1423
49.6467
49.1712
48.7144
48.2749
47.8514
47.4427
47.0472
46.6639
46.2915
45.9287
45.5744
45.2275
44.8869
44.5516
44.2206
43.8934
43.5689
43.2466
42.9259
42.6065
42.2881
41.9703
41.6526
41.3348
41.0166
40.6977
40.3777
40.0567
39.7343
39.4104
39.0851
38.7584
38.4306
38.1017
37.7721
37.4412
37.1096
36.7776
36.4454
36.1131
35.7811
35.4495
35.1187
34.7889
34.4601
34.1326
33.8064
33.4818
33.1588
32.8374
32.5182
32.2009
31.8862
31.5739
31.2649
30.9588
30.6563
30.357
30.0616
29.7696
29.4817
29.1974
28.9176
28.6416
28.3703
28.1029
27.8402
27.5815
27.3273
27.0769
26.8306
26.5879
26.3487
26.1127
25.8798
25.6498
25.4225
25.1976
24.9749
24.7539
24.5344
24.3158
24.0976
23.8791
23.6597
23.4381
23.2135
22.9837
22.7472
22.5008
22.2412
21.9634
21.6608
21.3243
20.9404
20.4914
19.9378
19.3086
18.1308
101.147
101.123
101.097
101.064
101.024
100.977
100.923
100.861
100.791
100.707
100.607
100.485
100.337
100.16
99.9561
99.7292
99.4862
99.2351
98.9821
98.7305
98.4795
98.2246
97.9574
97.6677
97.3443
96.9771
96.5585
96.0838
95.552
94.965
94.3268
93.6431
92.9201
92.1633
91.3772
90.565
89.7284
88.8678
87.9827
87.0717
86.1334
85.1666
84.1702
83.1437
82.0874
81.002
79.8894
78.7518
77.5926
76.4156
75.2249
74.025
72.8203
71.6153
70.4144
69.2215
68.0405
66.8749
65.7279
64.6023
63.5008
62.4257
61.3788
60.3621
59.377
58.4247
57.5061
56.6218
55.7721
54.9573
54.1773
53.4315
52.7193
52.0397
51.3918
50.7743
50.186
49.6253
49.0907
48.5807
48.0935
47.6275
47.181
46.7526
46.3404
45.943
45.5588
45.1864
44.8241
44.4708
44.1249
43.7853
43.4505
43.1195
42.7912
42.4645
42.1387
41.8129
41.4863
41.1586
40.8293
40.4982
40.1649
39.8292
39.4907
39.1491
38.8049
38.457
38.106
37.7515
37.3936
37.0324
36.6682
36.3011
35.932
35.5607
35.1869
34.8116
34.435
34.0575
33.6796
33.3016
32.9239
32.5468
32.1709
31.7964
31.4234
31.0522
30.6839
30.3176
29.9541
29.5936
29.2361
28.8823
28.5323
28.1867
27.8456
27.5095
27.1783
26.8523
26.5316
26.2164
25.9065
25.6025
25.3041
25.0118
24.7251
24.4444
24.1695
23.9004
23.6367
23.3785
23.1253
22.8768
22.6329
22.3934
22.1579
21.9262
21.6981
21.4732
21.251
21.0313
20.8133
20.5967
20.3806
20.1643
19.9465
19.7262
19.5015
19.2706
19.0302
18.7772
18.5061
18.2105
17.8809
17.5035
17.0597
16.5062
15.8732
14.5798
100.091
100.001
99.9116
99.8128
99.7007
99.5758
99.4393
99.2914
99.1318
98.9588
98.7689
98.557
98.3178
98.0471
97.7437
97.4096
97.0508
96.6751
96.2901
95.901
95.5096
95.1133
94.7057
94.277
93.8158
93.3112
92.7538
92.1378
91.4606
90.7234
89.9303
89.0874
88.2018
87.2802
86.3285
85.3517
84.353
83.3342
82.2961
81.2383
80.1607
79.0626
77.944
76.8047
75.6453
74.4667
73.2707
72.0599
70.8375
69.6071
68.3729
67.1391
65.9099
64.6895
63.4817
62.2902
61.1183
59.969
58.8447
57.748
56.6809
55.6449
54.6417
53.6725
52.7381
51.8394
50.9768
50.1505
49.3605
48.6066
47.8884
47.2051
46.5556
45.9388
45.3535
44.7981
44.2711
43.7709
43.2955
42.8433
42.4122
42.0004
41.6061
41.2273
40.8623
40.5093
40.1667
39.8327
39.5058
39.1846
38.8675
38.5532
38.2405
37.9281
37.615
37.3
36.9828
36.6623
36.338
36.0095
35.6767
35.3393
34.9974
34.6508
34.2993
33.9432
33.5829
33.2177
32.8484
32.4748
32.0975
31.7165
31.3327
30.9463
30.5585
30.1691
29.7783
29.3872
28.9962
28.6061
28.2172
27.83
27.4452
27.0632
26.6846
26.3095
25.9384
25.5714
25.2099
24.8524
24.5003
24.153
23.8114
23.4751
23.145
22.8207
22.5031
22.1918
21.8872
21.589
21.2976
21.0126
20.7343
20.4623
20.197
19.9382
19.6858
19.4396
19.1997
18.9659
18.7377
18.5152
18.2976
18.085
17.8768
17.6728
17.4728
17.2765
17.0836
16.8936
16.7063
16.5211
16.3376
16.1551
15.9732
15.7907
15.6069
15.4204
15.2298
15.033
14.8274
14.6097
14.375
14.1173
13.8276
13.493
13.096
12.5936
12.0227
10.706
94.0212
93.6714
93.3304
92.9769
92.6038
92.2133
91.8072
91.3866
90.9517
90.5024
90.0362
89.5489
89.035
88.4897
87.9105
87.2986
86.6591
86.0001
85.3299
84.6553
83.9799
83.3035
82.6211
81.9244
81.2028
80.4455
79.6431
78.7894
77.8818
76.9217
75.9136
74.8645
73.7825
72.6755
71.5509
70.415
69.2725
68.1264
66.9784
65.8293
64.6792
63.528
62.3756
61.2217
60.0666
58.9106
57.7551
56.6018
55.453
54.3115
53.1802
52.0622
50.9605
49.8777
48.8164
47.7788
46.7668
45.7818
44.8252
43.8981
43.0012
42.1353
41.3008
40.4981
39.7274
38.9889
38.2825
37.6081
36.9653
36.3538
35.7731
35.2222
34.7001
34.2058
33.7381
33.2957
32.8772
32.4811
32.1058
31.7496
31.4109
31.0878
30.7789
30.4823
30.1965
29.9199
29.651
29.3884
29.1305
28.8762
28.624
28.373
28.122
27.8701
27.6161
27.3595
27.0998
26.8363
26.5686
26.2966
26.0202
25.7395
25.4548
25.1659
24.873
24.5766
24.2771
23.9736
23.6677
23.3588
23.0481
22.7349
22.421
22.1058
21.7913
21.4761
21.1614
20.8482
20.5368
20.2275
19.9208
19.617
19.3167
19.02
18.7275
18.4392
18.1552
17.8759
17.6025
17.3317
17.0675
16.8069
16.5527
16.3021
16.0581
15.818
15.5848
15.3556
15.1333
14.9149
14.7032
14.4953
14.294
14.0966
13.9053
13.7182
13.5367
13.3594
13.1874
13.0196
12.8564
12.6971
12.5416
12.3895
12.2407
12.0947
11.9515
11.8106
11.6722
11.5353
11.4005
11.2664
11.1337
11.0008
10.8684
10.7345
10.5997
10.4616
10.3203
10.1731
10.0188
9.85379
9.67505
9.47701
9.25279
8.99186
8.68017
8.28057
7.84227
6.64945
71.9366
71.222
70.5422
69.8624
69.1748
68.4833
67.7905
67.0977
66.4057
65.7147
65.0231
64.3271
63.6215
62.9013
62.1639
61.4101
60.645
59.8764
59.1128
58.3616
57.6268
56.9086
56.2024
55.5002
54.7914
54.0652
53.3124
52.5265
51.7048
50.8486
49.9623
49.0527
48.1276
47.1948
46.2612
45.3324
44.4125
43.5038
42.6071
41.7223
40.8488
39.9809
39.1168
38.2556
37.397
36.541
35.6882
34.8397
33.9973
33.1629
32.339
31.5279
30.7318
29.9527
29.1924
28.4524
27.7339
27.0376
26.3643
25.7144
25.0882
24.4858
23.9073
23.3527
22.8218
22.3147
21.831
21.3705
20.933
20.5181
20.1253
19.754
19.4036
19.0731
18.762
18.4691
18.1937
17.9347
17.691
17.4614
17.2448
17.04
16.8459
16.6612
16.4849
16.3158
16.1529
15.9952
15.8416
15.6912
15.543
15.3962
15.2499
15.1034
14.956
14.807
14.6561
14.5029
14.347
14.1883
14.0268
13.8626
13.6957
13.5263
13.3543
13.1799
13.0034
12.8245
12.6436
12.461
12.2767
12.0911
11.9046
11.7177
11.5308
11.3442
11.1575
10.9718
10.7873
10.6043
10.423
10.2437
10.0666
9.89201
9.72009
9.55095
9.38459
9.22117
9.06123
8.90368
8.74919
8.59762
8.44912
8.3036
8.16135
8.0223
7.88668
7.75435
7.62542
7.49968
7.37723
7.25784
7.14164
7.02851
6.91845
6.81144
6.70739
6.60631
6.50806
6.41257
6.31959
6.229
6.14041
6.05377
5.96877
5.88538
5.80337
5.72268
5.64309
5.56449
5.48667
5.40942
5.33252
5.25568
5.17864
5.10098
5.02229
4.94201
4.85941
4.77364
4.68337
4.58718
4.48271
4.36729
4.23663
4.0851
3.90506
3.67324
3.43881
2.66984
12.7557
14.3667
15.7451
16.6405
17.3486
18.0067
18.6276
19.2154
19.7851
20.3567
20.9387
21.538
22.1612
22.8152
23.5067
24.2433
25.033
25.8853
26.811
27.8228
28.9418
30.1684
31.6296
32.9875
36.8586
20.1289
21.4602
22.7182
23.6333
24.4193
25.1878
25.9458
26.694
27.4463
28.2131
29.0046
29.8295
30.697
31.6161
32.596
33.6471
34.7809
36.0103
37.3508
38.8198
40.4467
42.2334
44.3469
46.3912
51.0111
24.4771
25.4787
26.5549
27.4195
28.1915
28.9577
29.7261
30.4981
31.2864
32.1005
32.9519
33.8508
34.8076
35.8332
36.9385
38.136
39.4394
40.8643
42.4293
44.1554
46.0764
48.1989
50.6961
53.1707
58.125
26.649
27.427
28.3426
29.1397
29.8738
30.6109
31.3599
32.1226
32.907
33.7246
34.5863
35.502
36.4825
37.5387
38.6825
39.927
41.2871
42.7798
44.4252
46.2462
48.2788
50.5307
53.1785
55.8178
60.8277
27.7155
28.3422
29.1253
29.86
30.5615
31.2751
32.0083
32.7615
33.5416
34.3593
35.2243
36.1463
37.1357
38.2035
39.3615
40.6233
42.0043
43.5217
45.1968
47.0525
49.1266
51.4247
54.1304
56.8166
61.8062
28.26
28.7853
29.4655
30.1452
30.8171
31.5089
32.2266
32.97
33.7454
34.5617
35.428
36.3535
37.3481
38.4225
39.5886
40.8599
42.2519
43.7822
45.4721
47.3449
49.4393
51.7575
54.4925
57.1864
62.1458
28.5363
28.9918
29.5918
30.2227
30.8659
31.5366
32.2388
32.9721
33.7418
34.5555
35.4216
36.3488
37.3466
38.4254
39.597
40.8749
42.2746
43.8138
45.5139
47.3981
49.506
51.836
54.5908
57.2792
62.2124
28.6578
29.0636
29.6009
30.1885
30.8041
31.4542
32.1406
32.8633
33.6262
34.4362
35.3008
36.2282
37.2277
38.3095
39.4851
40.7681
42.1738
43.7201
45.4285
47.3218
49.4406
51.7793
54.55
57.2282
62.1412
28.6792
29.0488
29.5369
30.0867
30.6762
31.3063
31.9771
32.6887
33.4442
34.2496
35.1118
36.0385
37.0387
38.1223
39.3009
40.5879
41.9987
43.5511
45.2667
47.1679
49.2964
51.6423
54.4271
57.0936
61.9925
28.6291
28.9719
29.4212
29.9385
30.5041
31.1149
31.7708
32.4714
33.2193
34.0196
34.8789
35.8043
36.8046
37.8895
39.0705
40.3609
41.7762
43.3341
45.0564
46.9649
49.1024
51.4548
54.2524
56.9072
61.7977
28.5221
28.8449
29.2639
29.7537
30.2977
30.8911
31.5329
32.223
32.9634
33.7588
34.615
35.5391
36.5394
37.6255
38.8087
40.1024
41.522
43.0853
44.8141
46.7298
48.8759
51.2347
54.0445
56.6887
61.5754
28.365
28.6731
29.0686
29.5357
30.0609
30.6387
31.268
31.9485
32.6822
33.4731
34.3269
35.2501
36.2507
37.3383
38.524
39.8213
41.2456
42.8145
44.5501
46.4732
48.6282
50.9936
53.8154
56.4506
61.3378
28.1603
28.4578
28.8355
29.2845
29.7936
30.3582
30.9768
31.6493
32.3775
33.1651
34.0172
34.9403
35.9422
37.0321
38.2212
39.5228
40.9525
42.5278
44.2708
46.2021
48.3664
50.7393
53.5732
56.2017
61.0932
27.9078
28.1985
28.5633
28.9984
29.4947
30.0486
30.6586
31.3249
32.0492
32.8349
33.6868
34.6112
35.6155
36.7089
37.9026
39.2097
40.646
42.2289
43.9804
45.9209
48.0956
50.4771
53.3236
55.9483
60.8476
27.6071
27.8943
28.2505
28.6754
29.1623
29.7082
30.3122
30.9745
31.6968
32.4823
33.3358
34.263
35.2714
36.3699
37.5696
38.8839
40.3282
41.9202
43.6817
45.6327
47.8192
50.211
53.0711
55.695
60.6058
27.2586
27.5451
27.8967
28.3147
28.7956
29.3365
29.937
30.5977
31.3201
32.1076
32.9644
33.8963
34.9105
36.0159
37.2235
38.5467
40.0009
41.6036
43.3768
45.3402
47.54
49.9439
52.8188
55.4454
60.3718
26.8645
27.1532
27.5033
27.9182
28.396
28.9347
29.5344
30.1958
30.9206
31.712
32.5741
33.5127
34.5347
35.6489
36.8663
38.2001
39.666
41.2814
43.0681
45.0458
47.2607
49.6788
52.57
55.2029
60.1496
26.4302
26.7233
27.0743
27.4896
27.9674
28.5067
29.1081
29.7724
30.5017
31.299
32.1685
33.1156
34.1471
35.2719
36.5008
37.8472
39.3267
40.9565
42.7587
44.7525
46.9844
49.4189
52.328
54.9702
59.9431
25.9623
26.2608
26.6153
27.0327
27.5121
28.0535
28.6578
29.3262
30.0609
30.8649
31.7423
32.6985
33.7403
34.8762
36.1174
37.4772
38.9711
40.6165
42.4352
44.4464
46.6968
49.1497
52.0782
54.7305
59.7372
25.4711
25.7756
26.1343
26.5544
27.0363
27.5804
28.188
28.8608
29.601
30.4118
31.2971
32.2623
33.3141
34.4611
35.7143
37.0872
38.5953
40.256
42.091
44.1194
46.3878
48.8586
51.8059
54.4708
59.5062
24.9728
25.2845
25.6485
26.0727
26.5583
27.1062
27.7183
28.3964
29.143
29.9611
30.8549
31.8296
32.8919
34.0503
35.3161
36.7026
38.2253
39.9016
41.7532
43.799
46.0857
48.5746
51.5407
54.2196
59.2804
24.4847
24.8042
25.1744
25.6037
26.0939
26.6466
27.2638
27.9478
28.7011
29.527
30.4294
31.4137
32.4865
33.6565
34.9348
36.3348
37.8721
39.564
41.4322
43.4952
45.7999
48.3067
51.2916
53.9846
59.0688
24.0264
24.3538
24.7305
25.1653
25.6606
26.2184
26.8411
27.5312
28.2913
29.1247
30.0356
31.0293
32.1122
33.2933
34.5837
35.9967
37.5482
39.255
41.1391
43.2187
45.5406
48.0646
51.0676
53.7745
58.8802
23.6184
23.9533
24.3361
24.7762
25.2766
25.8395
26.4675
27.1634
27.9299
28.7705
29.6892
30.6914
31.7836
32.9749
34.2764
35.7015
37.266
38.9867
40.8854
42.9803
45.3182
47.858
50.8778
53.5976
58.7229
23.2812
23.6225
24.0106
24.4553
24.9601
25.5274
26.1602
26.8611
27.6332
28.4799
29.4053
30.4148
31.515
32.7151
34.0263
35.462
37.0378
38.7707
40.6822
42.7905
45.1424
47.696
50.7306
53.4617
58.6037
23.0338
23.3798
23.7718
24.2197
24.7276
25.2982
25.9345
26.6392
27.4156
28.267
29.1976
30.2128
31.3193
32.5263
33.8453
35.2895
36.8746
38.6174
40.5393
42.6585
45.0216
47.5864
50.6333
53.3732
58.5281
22.8921
23.2402
23.634
24.0836
24.593
25.1651
25.8031
26.5101
27.2891
28.1434
29.0773
30.0962
31.207
32.4188
33.7432
35.1936
36.7853
38.5352
40.4646
42.5914
44.9627
47.5354
50.5912
53.3373
58.4999
22.8677
23.2145
23.6074
24.0563
24.5653
25.1373
25.7755
26.4829
27.2625
28.1177
29.0528
30.0731
31.1857
32.3998
33.7269
35.1804
36.7755
38.5291
40.4624
42.5932
44.9685
47.545
50.6057
53.3553
58.5192
22.9607
23.3031
23.6923
24.1381
24.6446
25.2145
25.8509
26.5567
27.3348
28.1888
29.1226
30.1417
31.2533
32.4668
33.7936
35.2469
36.8421
38.5958
40.5291
42.6599
45.0352
47.6115
50.6724
53.4213
58.5824
23.1687
23.5038
23.8867
24.3274
24.8292
25.395
26.0275
26.7297
27.5043
28.3545
29.2846
30.3
31.4078
32.6177
33.9409
35.3907
36.9823
38.7323
40.6616
42.7883
45.1594
47.7313
50.7878
53.5324
58.6862
23.4838
23.8093
24.184
24.6174
25.1128
25.6727
26.2997
26.9963
27.7652
28.6096
29.5336
30.5426
31.644
32.8473
34.1639
35.6068
37.1913
38.9338
40.8553
42.9739
45.3364
47.8997
50.9473
53.6842
58.8259
23.8936
24.2077
24.5724
24.9972
25.4848
26.0373
26.6571
27.3466
28.1081
28.9447
29.8604
30.8608
31.9533
33.1473
34.4543
35.8872
37.4612
39.1927
41.1027
43.2092
45.5592
48.1101
51.1441
53.8705
58.9948
24.3815
24.6827
25.0363
25.4515
25.9303
26.4745
27.0862
27.7673
28.52
29.3471
30.2527
31.2425
32.3238
33.5061
34.8009
36.221
37.7815
39.4989
41.3939
43.485
45.8187
48.3536
51.37
54.0833
59.1846
24.9274
25.2149
25.5569
25.9622
26.4319
26.9674
27.5702
28.2421
28.9849
29.8014
30.6954
31.6728
32.7411
33.9097
35.19
36.5949
38.1394
39.84
41.7173
43.7899
46.1042
48.62
51.615
54.3135
59.3856
25.5446
25.8175
26.1469
26.5413
27.001
27.5266
28.1192
28.7801
29.511
30.3143
31.1943
32.1566
33.2089
34.3606
35.6232
37.0094
38.5342
40.214
42.0694
44.1194
46.4098
48.9024
51.8708
54.5515
59.5851
26.2052
26.4649
26.7825
27.1666
27.6168
28.1327
28.7151
29.3647
30.0829
30.8722
31.7367
32.6823
33.7168
34.8495
36.0919
37.4569
38.9593
40.6156
42.4463
44.4708
46.7346
49.2012
52.1407
54.8018
59.7993
26.8419
27.0896
27.399
27.7755
28.2185
28.7271
29.301
29.9408
30.6476
31.4239
32.2738
33.2034
34.2205
35.3346
36.5571
37.9008
39.3807
41.0133
42.8192
44.8179
47.0547
49.4951
52.4055
55.047
60.0114
27.4271
27.6655
27.969
28.3421
28.7809
29.2847
29.8527
30.4848
31.1819
31.9466
32.7833
33.6982
34.6991
35.7955
36.999
38.3223
39.7805
41.3902
43.1718
45.1454
47.3559
49.7708
52.6529
55.2763
60.2106
27.9367
28.169
28.4701
28.8426
29.2814
29.7837
30.3486
30.9755
31.6652
32.4205
33.2458
34.1476
35.134
36.2145
37.4004
38.7049
40.1428
41.7311
43.49
45.4401
47.6257
50.0168
52.8721
55.4798
60.3873
28.3512
28.581
28.8842
29.2599
29.7022
30.2066
30.7716
31.3961
32.0809
32.829
33.6453
34.5363
35.5102
36.5767
37.7472
39.0349
40.4546
42.0235
43.7618
45.6905
47.8535
50.2232
53.0539
55.6492
60.5336
28.6563
28.8878
29.1978
29.5814
30.0308
30.5412
31.1093
31.7342
32.4169
33.1604
33.9699
34.8524
35.8162
36.8711
38.0285
39.3017
40.7056
42.2575
43.9778
45.8876
48.0307
50.3816
53.1906
55.777
60.6435
28.8432
29.0805
29.403
29.7993
30.2599
30.7793
31.354
31.9823
32.6654
33.4067
34.2119
35.0883
36.0443
37.0898
38.2365
39.4976
40.8882
42.4258
44.1305
46.0242
48.1501
50.4854
53.2757
55.8571
60.7119
28.9066
29.1544
29.4958
29.9103
30.3863
30.9181
31.5021
32.1364
32.8223
33.5638
34.3667
35.2391
36.1894
37.2278
38.3658
39.6171
40.9967
42.5223
44.2142
46.0944
48.206
50.5287
53.3035
55.8837
60.7342
28.843
29.1072
29.475
29.9137
30.4092
30.9569
31.5527
32.1951
32.8857
33.6289
34.4314
35.3013
36.2476
37.2804
38.4117
39.6549
41.0256
42.5413
44.2226
46.0918
48.1918
50.5048
53.2671
55.8491
60.704
28.6342
28.9234
29.3291
29.8
30.3206
30.8882
31.4988
32.1511
32.8478
33.5941
34.3969
35.2653
36.2083
37.2363
38.3615
39.5976
40.9601
42.4669
44.1386
45.9977
48.0874
50.3927
53.1446
55.7294
60.5993
28.236
28.5626
29.019
29.5285
30.0775
30.6668
31.293
31.9553
32.6575
33.4061
34.2088
35.0751
36.0145
37.0373
38.1561
39.3847
40.7389
42.2366
43.8985
45.7474
47.8263
50.1221
52.8644
55.4522
60.3507
27.7006
28.0749
28.5897
29.139
29.7153
30.3249
30.9647
31.6349
32.3407
33.0896
33.8907
34.7538
35.6888
36.7058
37.8179
39.0387
40.3845
41.873
43.5251
45.3632
47.4308
49.7152
52.4474
55.0331
59.9633
27.0257
27.461
28.0412
28.6299
29.2317
29.8595
30.5105
31.1863
31.8937
32.6413
33.4392
34.298
35.2275
36.238
37.3426
38.555
39.8915
41.3696
43.0102
44.8353
46.8885
49.1573
51.8747
54.4501
59.4099
26.1648
26.6789
27.3321
27.9601
28.5861
29.2303
29.8907
30.5705
31.2785
32.024
32.818
33.6721
34.596
35.5995
36.696
37.8987
39.224
40.6886
42.3136
44.12
46.1517
48.3958
51.088
53.6394
58.6207
25.0158
25.6323
26.3677
27.0368
27.688
28.3492
29.0196
29.7045
30.4143
31.1594
31.9514
32.8018
33.7208
34.7166
35.8035
36.993
38.3019
39.7457
41.3452
43.1205
45.1151
47.3164
49.9621
52.4646
57.4504
23.4181
24.1662
24.9952
25.7114
26.3935
27.0771
27.7632
28.459
29.1769
29.9267
30.7205
31.5686
32.4821
33.4667
34.5374
35.7038
36.9828
38.3882
39.9406
41.6589
43.5857
45.7089
48.268
50.678
55.6376
21.1992
22.109
23.045
23.8197
24.545
25.2629
25.9767
26.6936
27.4273
28.1857
28.981
29.8207
30.7183
31.6761
32.7104
33.8282
35.0468
36.3781
37.8423
39.4574
41.2638
43.2513
45.6599
47.91
52.7983
18.3019
19.3949
20.4497
21.2974
22.0802
22.8434
23.5909
24.3285
25.0705
25.8218
26.5963
27.3976
28.2451
29.1363
30.0901
31.1107
32.2165
33.4183
34.7345
36.1842
37.8026
39.5848
41.7662
43.7776
48.5394
14.868
16.1492
17.3258
18.2483
19.0819
19.8712
20.6225
21.3396
22.0408
22.7267
23.4185
24.1221
24.8564
25.6183
26.4286
27.2905
28.2232
29.2359
30.3464
31.572
32.9451
34.458
36.3459
38.0443
42.6048
11.1236
12.572
13.8339
14.7782
15.5882
16.317
16.9759
17.5754
18.136
18.6684
19.1962
19.7286
20.2814
20.8551
21.4682
22.124
22.8397
23.6218
24.4862
25.4442
26.5274
27.7161
29.2485
30.5537
34.7554
7.19001
8.68137
9.86241
10.6474
11.2522
11.754
12.1714
12.5313
12.8555
13.1698
13.4775
13.801
14.1377
14.4986
14.8893
15.3154
15.7877
16.3061
16.888
17.5287
18.2686
19.0604
20.1459
20.9672
24.4186
3.12434
4.2712
5.03328
5.42224
5.66504
5.85059
5.98972
6.11031
6.22165
6.33432
6.45179
6.58204
6.7243
6.88019
7.05315
7.24457
7.45893
7.69602
7.96289
8.25735
8.60076
8.96226
9.5049
9.80302
11.9211
)
;

boundaryField
{
    inlet
    {
        type            calculated;
        value           uniform 100;
    }
    outlet
    {
        type            calculated;
        value           nonuniform List<scalar> 
57
(
36.8586
51.0111
58.125
60.8277
61.8062
62.1458
62.2124
62.1412
61.9925
61.7977
61.5754
61.3378
61.0932
60.8476
60.6058
60.3718
60.1496
59.9431
59.7372
59.5062
59.2804
59.0688
58.8802
58.7229
58.6037
58.5281
58.4999
58.5192
58.5824
58.6862
58.8259
58.9948
59.1846
59.3856
59.5851
59.7993
60.0114
60.2106
60.3873
60.5336
60.6435
60.7119
60.7342
60.704
60.5993
60.3507
59.9633
59.4099
58.6207
57.4504
55.6376
52.7983
48.5394
42.6048
34.7554
24.4186
11.9211
)
;
    }
    upperWall
    {
        type            calculated;
        value           uniform 0;
    }
    lowerWall
    {
        type            calculated;
        value           uniform 0;
    }
    frontAndBack
    {
        type            empty;
    }
}


// ************************************************************************* //
