/*--------------------------------*- C++ -*----------------------------------*\
| =========                 |                                                 |
| \\      /  F ield         | OpenFOAM: The Open Source CFD Toolbox           |
|  \\    /   O peration     | Version:  2.3.1                                 |
|   \\  /    A nd           | Web:      www.OpenFOAM.org                      |
|    \\/     M anipulation  |                                                 |
\*---------------------------------------------------------------------------*/
FoamFile
{
    version     2.0;
    format      ascii;
    class       volScalarField;
    location    "300";
    object      UpointU;
}
// * * * * * * * * * * * * * * * * * * * * * * * * * * * * * * * * * * * * * //

dimensions      [0 2 -2 0 0 0 0];

internalField   nonuniform List<scalar> 
12225
(
98.3534
95.3761
91.1685
87.0091
83.2856
79.941
76.9119
74.1641
71.6697
69.4013
67.3338
65.4455
63.7175
62.133
60.6759
59.3284
57.9971
56.9849
100.87
100.632
99.8786
98.9278
97.9773
97.0067
95.9988
94.9651
93.9219
92.8811
91.8519
90.8414
89.8551
88.8968
87.9688
87.0734
86.2377
85.5626
99.8584
100.043
100.354
100.488
100.546
100.546
100.486
100.376
100.229
100.055
99.8602
99.6488
99.4254
99.1935
98.9567
98.7217
98.5109
98.3274
99.9997
100.247
100.616
100.821
100.962
101.078
101.168
101.235
101.286
101.324
101.352
101.371
101.383
101.389
101.392
101.397
101.417
101.452
100.046
100.288
100.602
100.804
100.963
101.11
101.241
101.357
101.461
101.556
101.643
101.722
101.797
101.866
101.934
102.002
102.076
102.15
100.051
100.262
100.537
100.742
100.91
101.067
101.21
101.339
101.458
101.568
101.671
101.768
101.86
101.949
102.035
102.12
102.206
102.289
100.043
100.221
100.463
100.663
100.833
100.991
101.137
101.271
101.395
101.511
101.621
101.725
101.824
101.92
102.012
102.102
102.188
102.27
100.037
100.189
100.402
100.593
100.76
100.916
101.062
101.197
101.323
101.441
101.553
101.66
101.762
101.859
101.953
102.043
102.128
102.208
100.033
100.164
100.353
100.532
100.694
100.846
100.99
101.125
101.251
101.371
101.484
101.592
101.695
101.793
101.887
101.976
102.06
102.139
100.029
100.141
100.305
100.47
100.624
100.771
100.912
101.045
101.17
101.289
101.403
101.511
101.614
101.712
101.805
101.894
101.976
102.054
100.025
100.119
100.26
100.41
100.555
100.695
100.83
100.959
101.082
101.2
101.312
101.419
101.521
101.619
101.711
101.798
101.879
101.956
100.022
100.1
100.22
100.354
100.488
100.62
100.748
100.873
100.992
101.107
101.217
101.322
101.422
101.518
101.609
101.694
101.773
101.85
100.018
100.083
100.186
100.304
100.426
100.549
100.67
100.789
100.904
101.015
101.121
101.224
101.322
101.415
101.503
101.587
101.665
101.74
100.015
100.069
100.156
100.261
100.372
100.485
100.599
100.711
100.821
100.928
101.031
101.13
101.225
101.315
101.402
101.483
101.56
101.634
100.013
100.058
100.133
100.225
100.325
100.43
100.536
100.642
100.747
100.849
100.949
101.045
101.137
101.225
101.309
101.389
101.464
101.538
100.011
100.05
100.115
100.197
100.288
100.385
100.485
100.586
100.686
100.784
100.88
100.972
101.062
101.148
101.23
101.309
101.384
101.457
100.01
100.045
100.103
100.178
100.263
100.354
100.449
100.545
100.641
100.736
100.829
100.919
101.007
101.092
101.173
101.251
101.325
101.399
100.009
100.042
100.098
100.17
100.252
100.34
100.432
100.526
100.621
100.714
100.806
100.895
100.982
101.065
101.146
101.224
101.299
101.372
100.009
100.043
100.099
100.172
100.255
100.344
100.437
100.531
100.626
100.72
100.812
100.901
100.988
101.072
101.153
101.232
101.307
101.381
100.01
100.045
100.106
100.183
100.27
100.362
100.458
100.555
100.651
100.746
100.839
100.93
101.018
101.103
101.185
101.263
101.339
101.414
100.01
100.049
100.116
100.201
100.294
100.392
100.491
100.592
100.691
100.788
100.883
100.976
101.065
101.151
101.234
101.314
101.39
101.466
100.011
100.053
100.13
100.224
100.326
100.429
100.534
100.639
100.741
100.841
100.938
101.032
101.123
101.21
101.293
101.373
101.45
101.526
100.009
100.056
100.145
100.253
100.364
100.474
100.584
100.693
100.798
100.9
100.999
101.094
101.186
101.273
101.357
101.437
101.514
101.59
100.005
100.055
100.162
100.284
100.403
100.519
100.633
100.745
100.852
100.955
101.054
101.15
101.241
101.328
101.411
101.49
101.565
101.639
99.9967
100.049
100.179
100.315
100.438
100.559
100.677
100.789
100.897
100.999
101.097
101.191
101.28
101.365
101.446
101.522
101.595
101.666
99.9685
100.016
100.181
100.327
100.448
100.568
100.686
100.798
100.904
101.004
101.1
101.19
101.276
101.356
101.433
101.504
101.57
101.631
99.8961
99.9187
100.15
100.323
100.448
100.562
100.669
100.765
100.853
100.936
101.013
101.085
101.151
101.213
101.271
101.323
101.371
101.415
99.7043
99.6398
99.8869
100.08
100.227
100.349
100.441
100.506
100.55
100.577
100.591
100.594
100.588
100.573
100.552
100.525
100.492
100.445
100.374
100.311
100.056
99.7136
99.4131
99.129
98.8269
98.5001
98.1521
97.7869
97.4081
97.0194
96.6244
96.2265
95.829
95.4347
95.0473
94.6543
99.9186
99.3995
97.4874
95.1918
92.9492
90.8074
88.76
86.8156
84.9811
83.2575
81.6415
80.1286
78.7138
77.3914
76.1561
75.003
73.9311
72.9065
0.0039763
0.00466298
0.00453468
0.00351406
0.00231465
0.00229902
0.00481674
0.0108882
0.0219822
0.0390042
0.0625078
0.0928286
0.130147
0.174514
0.225843
0.283951
0.348691
0.41979
0.496952
0.579847
0.668129
0.76144
0.859421
0.961717
1.06799
1.1779
1.29114
1.40743
1.5265
1.64811
1.77204
1.8981
2.02612
2.15597
2.28751
2.42067
2.55535
2.69152
2.82914
2.96819
3.10868
3.25062
3.39406
3.53904
3.68563
3.83391
3.98396
4.13589
4.28981
4.44583
4.60409
4.76474
4.92792
5.0938
5.26254
5.43432
5.60934
5.78778
5.96987
6.1558
6.34581
6.54012
6.73899
6.94266
7.15138
7.36544
7.5851
7.81065
8.04238
8.28058
8.52554
8.77757
9.03697
9.30404
9.57907
9.86234
10.1541
10.4547
10.7644
11.0833
11.4116
11.7496
12.0974
12.455
12.8225
13.1999
13.5871
13.984
14.3903
14.8057
15.2299
15.6622
16.1021
16.5487
17.0012
17.4585
17.9194
18.3824
18.8461
19.3086
19.768
20.2222
20.6688
21.1053
21.5289
21.9367
22.3256
22.6923
23.0332
23.3446
23.6228
23.8643
24.0654
24.222
24.3294
24.3828
24.3792
24.3153
24.1879
23.9943
23.7321
23.3995
22.9951
22.5183
21.9691
21.3482
20.6574
19.8993
19.0774
18.1964
17.2617
16.2799
15.2586
14.206
13.1312
12.0438
10.9538
9.87174
8.80779
7.77215
6.77453
5.82409
4.92919
4.09725
3.33447
2.6458
2.03481
1.50393
1.05436
0.686424
0.39975
0.193013
0.0671426
0.0126914
0.0346756
0.121673
0.26596
0.459678
0.69547
0.966394
1.26593
1.58799
1.92697
2.27773
2.63566
2.99662
3.35692
3.71334
4.06303
4.40343
4.73221
5.0471
5.34567
5.62502
5.88113
6.10775
6.29466
6.41814
6.45833
6.08208
0.00814423
0.00190623
0.000613946
0.00528084
0.0144056
0.0268029
0.0419872
0.0603545
0.0829055
0.110381
0.143269
0.181871
0.22636
0.276813
0.333225
0.395509
0.463506
0.536996
0.615727
0.699421
0.787786
0.880519
0.977315
1.07787
1.1819
1.28912
1.39925
1.51206
1.62731
1.7448
1.86433
1.98574
2.10888
2.23363
2.35989
2.48757
2.61661
2.74697
2.87861
3.01154
3.14575
3.28127
3.41813
3.55638
3.69608
3.83731
3.98014
4.12468
4.27102
4.41928
4.56959
4.72206
4.87685
5.03409
5.19395
5.35659
5.52219
5.69091
5.86296
6.03853
6.21782
6.40104
6.58842
6.78018
6.97657
7.17783
7.38421
7.59598
7.81339
8.03672
8.26624
8.50223
8.74498
8.99475
9.25183
9.51648
9.78896
10.0695
10.3584
10.6558
10.962
11.277
11.601
11.9342
12.2764
12.6278
12.9882
13.3575
13.7355
14.1217
14.5159
14.9175
15.3258
15.7401
16.1593
16.5825
17.0084
17.4355
17.8623
18.287
18.7076
19.122
19.5277
19.9222
20.3027
20.6663
21.0099
21.3302
21.6237
21.8866
22.1155
22.3067
22.4569
22.5621
22.6173
22.6195
22.5662
22.4543
22.2814
22.045
21.7433
21.375
20.9392
20.4357
19.865
19.2284
18.5281
17.767
16.9492
16.0795
15.1638
14.2089
13.2223
12.2125
11.1885
10.1599
9.13647
8.1284
7.14568
6.19808
5.29491
4.4448
3.65557
2.934
2.28573
1.71523
1.22582
0.819734
0.49819
0.261485
0.108523
0.0389193
0.0523882
0.139533
0.291823
0.503315
0.767281
1.07656
1.42412
1.80324
2.20756
2.63118
3.06862
3.51494
3.96567
4.41683
4.86492
5.30685
5.73993
6.16173
6.57005
6.9627
7.33732
7.69101
8.01977
8.3174
8.57417
8.76924
8.88913
8.73098
0.00364691
0.00238088
0.0114969
0.0271207
0.0470818
0.0699137
0.0949188
0.122135
0.152058
0.185222
0.222064
0.262902
0.30795
0.357342
0.411145
0.469357
0.531923
0.598738
0.669664
0.744534
0.823163
0.905351
0.990891
1.07957
1.17118
1.26551
1.36236
1.46154
1.56287
1.66619
1.77134
1.87819
1.98662
2.09652
2.20781
2.32041
2.43427
2.54935
2.66562
2.78307
2.90169
3.02151
3.14254
3.26483
3.38842
3.51338
3.63976
3.76765
3.89714
4.02831
4.16128
4.29614
4.43302
4.57204
4.71334
4.85705
5.00332
5.1523
5.30415
5.45905
5.61716
5.77867
5.94377
6.11265
6.28552
6.46259
6.64407
6.8302
7.02119
7.21729
7.41872
7.62574
7.83859
8.05749
8.28271
8.51446
8.75299
8.9985
9.25121
9.5113
9.77896
10.0543
10.3375
10.6285
10.9275
11.2345
11.5492
11.8717
12.2018
12.5391
12.8832
13.2338
13.5903
13.9519
14.3179
14.6872
15.0588
15.4313
15.8034
16.1735
16.5397
16.9001
17.2525
17.5945
17.9237
18.2373
18.5325
18.8063
19.0554
19.2764
19.4659
19.6209
19.7383
19.8144
19.8447
19.8274
19.7596
19.6387
19.4623
19.2284
18.9355
18.5825
18.1686
17.694
17.1592
16.5656
15.9155
15.2118
14.4584
13.6603
12.8229
11.9529
11.0575
10.1448
9.22335
8.30227
7.39091
6.49879
5.63531
4.80963
4.03043
3.30573
2.64271
2.04758
1.52554
1.08065
0.716123
0.433874
0.235158
0.12042
0.0883724
0.136914
0.25776
0.443516
0.688145
0.98661
1.33223
1.71801
2.13712
2.58305
3.0497
3.53144
4.02309
4.51999
5.01798
5.51339
6.00301
6.48403
6.95404
7.4109
7.85264
8.27733
8.68289
9.06672
9.4253
9.75331
10.0432
10.2801
10.4671
10.487
0.00168087
0.0139597
0.0339067
0.0591701
0.0879126
0.118689
0.150712
0.183754
0.217986
0.253758
0.291449
0.331394
0.373865
0.419071
0.467165
0.518248
0.572372
0.62955
0.689758
0.752943
0.819027
0.887913
0.959488
1.03363
1.1102
1.18907
1.2701
1.35315
1.4381
1.52482
1.61319
1.70311
1.79448
1.88721
1.98123
2.07648
2.1729
2.27046
2.36912
2.46887
2.56971
2.67164
2.77467
2.87883
2.98415
3.09068
3.19846
3.30756
3.41804
3.52998
3.64345
3.75855
3.87537
3.99401
4.11458
4.23719
4.36197
4.48903
4.61852
4.75057
4.88534
5.02296
5.16361
5.30745
5.45464
5.60538
5.75984
5.91822
6.08071
6.24751
6.41883
6.59487
6.77585
6.96198
7.15346
7.35049
7.55329
7.76205
7.97694
8.19814
8.4258
8.66006
8.90102
9.14877
9.40334
9.66474
9.93292
10.2078
10.4892
10.7769
11.0706
11.3699
11.6744
11.9834
12.2962
12.6121
12.93
13.2489
13.5674
13.8843
14.1978
14.5064
14.808
15.1005
15.3818
15.6493
15.9005
16.1328
16.3431
16.5285
16.6858
16.8123
16.9053
16.9615
16.9766
16.9495
16.8773
16.7579
16.5891
16.3693
16.0972
15.7717
15.3924
14.9595
14.4736
13.9363
13.3496
12.7166
12.0409
11.3273
10.581
9.80832
9.0161
8.21197
7.40405
6.60078
5.81095
5.0435
4.30714
3.61039
2.96125
2.36711
1.83458
1.36934
0.976337
0.659143
0.421088
0.263383
0.187223
0.192186
0.273755
0.425126
0.639962
0.912193
1.23691
1.60925
2.0228
2.47083
2.94675
3.44435
3.95784
4.48188
5.01166
5.54284
6.07159
6.59458
7.10891
7.6121
8.10203
8.57684
9.03487
9.47449
9.89393
10.291
10.663
11.0055
11.3138
11.5784
11.8149
11.9415
0.0144239
0.0409586
0.0696561
0.10159
0.135881
0.17132
0.207117
0.242879
0.278559
0.314341
0.35052
0.387419
0.425343
0.464562
0.505303
0.547754
0.592061
0.638333
0.686645
0.737041
0.789537
0.844124
0.900774
0.959439
1.02006
1.08257
1.14688
1.21291
1.28058
1.34981
1.4205
1.49259
1.56599
1.64063
1.71647
1.79343
1.87148
1.95059
2.03071
2.11182
2.19393
2.27702
2.3611
2.44617
2.53227
2.61941
2.70764
2.79698
2.8875
2.97924
3.07226
3.16663
3.26243
3.35972
3.4586
3.55915
3.66147
3.76567
3.87183
3.9801
4.09057
4.20337
4.31865
4.43653
4.55716
4.68068
4.80726
4.93706
5.07023
5.20696
5.34742
5.49178
5.64023
5.79294
5.9501
6.11189
6.27848
6.45005
6.62675
6.80874
6.99616
7.18913
7.38776
7.59212
7.80226
8.0182
8.23991
8.46733
8.70033
8.93875
9.18235
9.43081
9.68375
9.94067
10.201
10.464
10.729
10.9949
11.2607
11.5252
11.787
12.0447
12.2967
12.541
12.7757
12.9987
13.2078
13.4006
13.5745
13.7269
13.8549
13.9563
14.0285
14.0687
14.0731
14.0408
13.9694
13.857
13.7018
13.5023
13.2575
12.9667
12.6295
12.2462
11.8176
11.3452
10.8309
10.2778
9.68927
9.06982
8.42453
7.75912
7.08001
6.39432
5.70964
5.03375
4.37475
3.74092
3.14024
2.58049
2.069
1.6125
1.21715
0.88797
0.62985
0.445468
0.338281
0.308316
0.35518
0.473903
0.659476
0.90604
1.20791
1.55981
1.95726
2.3954
2.86822
3.36938
3.89267
4.43222
4.9826
5.53887
6.09655
6.65171
7.20086
7.74101
8.2696
8.78448
9.28382
9.76609
10.2299
10.674
11.0969
11.4971
11.8724
12.2199
12.5372
12.8194
13.0896
13.2811
0.0443967
0.0849746
0.119626
0.154913
0.191338
0.228083
0.264433
0.299922
0.334362
0.367805
0.400456
0.432599
0.464543
0.496588
0.529013
0.562065
0.595961
0.630883
0.666981
0.704375
0.743155
0.783385
0.825104
0.868331
0.913066
0.959295
1.00699
1.05611
1.10662
1.15846
1.21158
1.26593
1.32146
1.37811
1.43584
1.4946
1.55435
1.61505
1.67669
1.73923
1.80266
1.86696
1.93214
1.99818
2.06511
2.13292
2.20164
2.27129
2.3419
2.41351
2.48616
2.55989
2.63474
2.71079
2.78809
2.8667
2.9467
3.02817
3.11118
3.19583
3.28221
3.37042
3.46057
3.55276
3.64712
3.74376
3.84282
3.94443
4.04872
4.15585
4.26596
4.37919
4.49571
4.61567
4.73922
4.86652
4.99772
5.13296
5.2724
5.41617
5.56439
5.71717
5.87461
6.03679
6.20376
6.37554
6.55214
6.7335
6.91954
7.11014
7.30511
7.50422
7.70715
7.91351
8.12283
8.33455
8.54801
8.76244
8.97697
9.19059
9.4022
9.61054
9.81422
10.0117
10.2014
10.3814
10.5499
10.7048
10.844
10.9651
11.0658
11.1441
11.1979
11.2244
11.221
11.1865
11.1191
11.0171
10.8791
10.704
10.4909
10.2393
9.94919
9.62082
9.25511
8.8535
8.41801
7.95133
7.45688
6.93879
6.40184
5.85128
5.293
4.73354
4.17993
3.63922
3.11875
2.62605
2.16835
1.7527
1.38569
1.07336
0.821558
0.634254
0.51641
0.469207
0.494855
0.590965
0.753583
0.978742
1.26161
1.59694
1.97949
2.40445
2.86747
3.3638
3.88786
4.43381
4.99587
5.56863
6.14709
6.7267
7.30341
7.87366
8.43435
8.98286
9.51695
10.0348
10.5349
11.016
11.4771
11.9172
12.3352
12.7302
13.1008
13.4455
13.7639
14.0545
14.344
14.5743
0.0892241
0.143137
0.181213
0.217035
0.252711
0.287931
0.322137
0.35487
0.38587
0.415096
0.44267
0.468827
0.493854
0.518057
0.541739
0.565185
0.588655
0.612382
0.636571
0.661394
0.686998
0.713501
0.740996
0.769553
0.799221
0.830029
0.861994
0.895115
0.929383
0.964779
1.00128
1.03885
1.07746
1.11707
1.15765
1.19916
1.24157
1.28485
1.32896
1.37389
1.4196
1.46609
1.51333
1.56133
1.61006
1.65954
1.70976
1.76074
1.81248
1.865
1.91833
1.97249
2.02752
2.08344
2.1403
2.19814
2.25702
2.31699
2.3781
2.44043
2.50405
2.56903
2.63545
2.7034
2.77298
2.84428
2.91741
2.99247
3.06958
3.14885
3.23042
3.31439
3.40092
3.49011
3.5821
3.67703
3.77503
3.87621
3.98071
4.08864
4.20011
4.31522
4.43405
4.55669
4.68318
4.81355
4.94781
5.08594
5.22788
5.37354
5.5228
5.67546
5.83129
5.99
6.1512
6.31447
6.47927
6.645
6.81096
6.97636
7.14029
7.30174
7.45959
7.6126
7.75942
7.89859
8.02853
8.14759
8.25398
8.34578
8.4211
8.47824
8.51546
8.53021
8.52106
8.4865
8.42518
8.33587
8.2175
8.06923
7.8905
7.68102
7.44091
7.17067
6.87127
6.54418
6.19135
5.81533
5.41933
5.00723
4.58348
4.15287
3.72067
3.29283
2.87575
2.47576
2.09937
1.75332
1.44401
1.1779
0.960678
0.797518
0.694089
0.652737
0.677167
0.766738
0.919537
1.13352
1.40473
1.72911
2.1021
2.51887
2.97459
3.46474
3.98512
4.53117
5.09779
5.67965
6.27153
6.86851
7.46605
8.06007
8.64697
9.22358
9.7872
10.3356
10.8668
11.3794
11.8722
12.3441
12.7946
13.2229
13.6284
14.0107
14.3693
14.7037
15.0155
15.3058
15.6024
15.8532
0.143511
0.210124
0.24975
0.284058
0.316893
0.34853
0.378639
0.406831
0.432836
0.45656
0.478065
0.497532
0.515218
0.531417
0.546433
0.560568
0.574107
0.587313
0.600423
0.613649
0.627174
0.641155
0.655724
0.670989
0.687033
0.703923
0.721705
0.740411
0.760058
0.780652
0.80219
0.82466
0.848045
0.872323
0.897468
0.923452
0.950247
0.977823
1.00615
1.03521
1.06497
1.0954
1.12649
1.15822
1.19056
1.22352
1.25708
1.29124
1.32599
1.36133
1.39727
1.43383
1.47101
1.50883
1.54732
1.5865
1.6264
1.66705
1.70851
1.75081
1.794
1.83814
1.88329
1.92952
1.9769
2.0255
2.0754
2.12669
2.17946
2.23381
2.28983
2.34762
2.4073
2.46895
2.53271
2.59866
2.66691
2.73758
2.81077
2.88656
2.96507
3.04636
3.13051
3.21759
3.30765
3.40072
3.49682
3.59593
3.69801
3.80302
3.91085
4.02138
4.13442
4.24976
4.36711
4.48615
4.60647
4.72761
4.84903
4.97012
5.09018
5.20843
5.32401
5.43594
5.54317
5.64456
5.73888
5.82485
5.90103
5.96595
6.01812
6.05623
6.07892
6.08399
6.07069
6.03773
5.98417
5.90913
5.81191
5.69199
5.54911
5.38326
5.19475
4.98427
4.75291
4.5022
4.23403
3.95085
3.65567
3.35209
3.04423
2.73647
2.43345
2.14046
1.86322
1.60734
1.3786
1.18282
1.02546
0.91246
0.84852
0.837591
0.883525
0.987099
1.14809
1.36578
1.6377
1.9612
2.3325
2.74752
3.20192
3.69121
4.2109
4.75681
5.32491
5.91095
6.51034
7.11832
7.73025
8.34175
8.94883
9.54789
10.1358
10.7098
11.2676
11.8072
12.3273
12.8265
13.304
13.759
14.1912
14.6003
14.9861
15.3485
15.6878
16.0049
16.3025
16.5839
16.8765
17.1331
0.201064
0.279822
0.319788
0.351295
0.379989
0.406781
0.43161
0.454211
0.474353
0.491925
0.506953
0.519577
0.530018
0.538547
0.545459
0.551055
0.555627
0.559452
0.562787
0.565863
0.568886
0.572039
0.575478
0.579335
0.583719
0.58872
0.594408
0.600834
0.608038
0.616042
0.624859
0.634492
0.644936
0.656178
0.668202
0.680986
0.694505
0.708733
0.723642
0.739203
0.755388
0.77217
0.789522
0.807418
0.825836
0.844754
0.864154
0.884019
0.904336
0.925095
0.946288
0.967912
0.989966
1.01245
1.03538
1.05876
1.08261
1.10695
1.13179
1.15718
1.18313
1.2097
1.23692
1.26483
1.2935
1.32297
1.35331
1.38458
1.41685
1.45019
1.48469
1.5204
1.55743
1.59585
1.63574
1.67719
1.72029
1.76511
1.81173
1.86024
1.9107
1.96318
2.01774
2.07444
2.13331
2.19438
2.25766
2.32315
2.39084
2.46067
2.53259
2.6065
2.68227
2.75975
2.83873
2.91896
3.00017
3.08201
3.16409
3.24595
3.3271
3.40696
3.48488
3.56017
3.63206
3.69969
3.76219
3.8186
3.86789
3.90898
3.94081
3.96247
3.97294
3.97049
3.95492
3.92527
3.88099
3.82157
3.74667
3.65614
3.55
3.42856
3.29236
3.1423
2.97963
2.80597
2.62321
2.4337
2.24028
2.04626
1.85544
1.67176
1.49936
1.34285
1.20716
1.09711
1.01795
0.974551
0.971151
1.01261
1.10158
1.24009
1.42875
1.66799
1.95648
2.29261
2.67366
3.09656
3.55758
4.05272
4.57785
5.12878
5.70145
6.29196
6.89661
7.51153
8.13268
8.75591
9.37721
9.99278
10.5992
11.1934
11.7726
12.3347
12.8776
13.4
13.9004
14.3781
14.8325
15.2631
15.6697
16.0524
16.4114
16.7471
17.0605
17.3532
17.6293
17.8931
18.1714
18.4186
0.255821
0.346194
0.385888
0.413992
0.437961
0.459359
0.478431
0.495068
0.509114
0.520478
0.529173
0.535313
0.539087
0.54074
0.54055
0.538804
0.535791
0.531787
0.527054
0.52183
0.516333
0.510754
0.505264
0.500007
0.495106
0.490664
0.486764
0.483471
0.480835
0.478891
0.477662
0.477159
0.477385
0.478336
0.479999
0.482358
0.48539
0.489072
0.493376
0.498274
0.503735
0.50973
0.516229
0.523202
0.530622
0.538461
0.546693
0.555297
0.56425
0.573534
0.583132
0.593033
0.603225
0.613701
0.624459
0.635497
0.646819
0.658432
0.670348
0.68258
0.695149
0.708075
0.721387
0.735116
0.749294
0.763962
0.77916
0.794935
0.811335
0.828411
0.846218
0.864811
0.884248
0.904589
0.925892
0.948217
0.971622
0.996167
1.02191
1.04889
1.07718
1.1068
1.13781
1.17024
1.20411
1.23944
1.27624
1.3145
1.3542
1.39532
1.43781
1.4816
1.5266
1.5727
1.61976
1.66761
1.71605
1.76485
1.81375
1.86244
1.91057
1.95776
2.00359
2.04758
2.08923
2.12799
2.16327
2.19446
2.2209
2.2419
2.25681
2.26513
2.26623
2.25885
2.24328
2.21895
2.18568
2.14336
2.09202
2.03185
1.96324
1.8868
1.80335
1.71401
1.62023
1.52373
1.42648
1.33077
1.23929
1.15507
1.08154
1.02221
0.980839
0.961437
0.968062
1.00479
1.07589
1.18433
1.33289
1.52354
1.75764
2.03569
2.35713
2.72109
3.12562
3.56841
4.04644
4.55639
5.09456
5.65709
6.24011
6.83981
7.45251
8.07474
8.70318
9.33447
9.96514
10.5917
11.2108
11.8192
12.4141
12.993
13.5536
14.0942
14.6132
15.1094
15.582
16.0303
16.4539
16.8528
17.2269
17.5766
17.9023
18.205
18.4861
18.748
18.9955
19.2339
19.4885
19.7147
0.302501
0.403875
0.443182
0.467851
0.487105
0.503162
0.516588
0.527456
0.535714
0.541319
0.544295
0.544746
0.542839
0.538797
0.532872
0.525335
0.516458
0.506508
0.495738
0.484383
0.472658
0.460753
0.448839
0.437063
0.425551
0.414409
0.403724
0.393564
0.383985
0.375026
0.366714
0.359065
0.352086
0.345776
0.340126
0.335122
0.330744
0.326971
0.323776
0.321132
0.31901
0.317379
0.316209
0.315469
0.31513
0.315164
0.315542
0.316238
0.317229
0.318492
0.320006
0.321755
0.323723
0.325898
0.328269
0.330831
0.333579
0.336513
0.339635
0.34295
0.346466
0.350196
0.354153
0.358356
0.362823
0.367578
0.372646
0.378054
0.383831
0.390008
0.396617
0.403692
0.411265
0.41937
0.428041
0.437311
0.447211
0.457771
0.46902
0.480984
0.493685
0.507144
0.521375
0.536389
0.552194
0.568789
0.586167
0.604313
0.623207
0.642817
0.663104
0.684017
0.705489
0.727444
0.749786
0.772407
0.795182
0.817965
0.840598
0.862898
0.884666
0.905685
0.925717
0.944509
0.96179
0.977279
0.990687
1.00172
1.01006
1.01541
1.01753
1.0163
1.01146
1.00238
0.98967
0.973218
0.953205
0.929915
0.903766
0.87533
0.845355
0.81478
0.784745
0.75662
0.732034
0.712873
0.701199
0.699334
0.709809
0.735463
0.779348
0.844623
0.934845
1.05237
1.2006
1.38201
1.59861
1.85225
2.144
2.47404
2.84236
3.24802
3.68952
4.16494
4.67171
5.20696
5.76743
6.34964
6.95001
7.56489
8.19075
8.8242
9.46206
10.1014
10.7393
11.373
11.9997
12.6167
13.2211
13.8105
14.3826
14.9354
15.4672
15.9766
16.4626
16.9241
17.3608
17.772
18.1578
18.5182
18.8535
19.164
19.4507
19.7148
19.9581
20.1836
20.3965
20.6024
20.8253
21.0215
0.337072
0.4486
0.487759
0.509392
0.524397
0.535624
0.543967
0.549699
0.552891
0.553574
0.551807
0.547698
0.541407
0.533136
0.523117
0.511595
0.498822
0.485044
0.470495
0.455394
0.439942
0.424318
0.40868
0.393168
0.377899
0.362974
0.348473
0.334464
0.320997
0.30811
0.295829
0.284172
0.273144
0.262746
0.252971
0.243806
0.235235
0.227238
0.219791
0.212871
0.20645
0.200502
0.195
0.189915
0.185222
0.180894
0.176906
0.173235
0.169858
0.166756
0.16391
0.161303
0.158921
0.156752
0.154784
0.153011
0.151426
0.150025
0.148807
0.147771
0.146921
0.146259
0.145791
0.145524
0.145465
0.145623
0.146008
0.14663
0.147498
0.148621
0.15001
0.151673
0.153617
0.155848
0.158371
0.161189
0.164303
0.167712
0.171411
0.175395
0.179656
0.184181
0.188957
0.193966
0.199187
0.204596
0.210166
0.215864
0.221655
0.2275
0.233355
0.239173
0.244901
0.250481
0.255852
0.260948
0.2657
0.270035
0.273879
0.277158
0.279795
0.281719
0.282863
0.283166
0.282578
0.281065
0.278611
0.275224
0.270935
0.265808
0.259986
0.253711
0.247157
0.240399
0.234211
0.228954
0.225196
0.223617
0.225033
0.230409
0.240873
0.25772
0.282428
0.316655
0.36226
0.421301
0.496184
0.588976
0.701996
0.837925
0.999345
1.18854
1.4076
1.6583
1.94262
2.2614
2.61504
3.0039
3.42738
3.88432
4.37331
4.89224
5.43867
6.00978
6.60246
7.21342
7.83921
8.47638
9.1215
9.77128
10.4226
11.0727
11.7189
12.3588
12.9903
13.6112
14.2194
14.8128
15.3894
15.9473
16.4848
17.0006
17.4934
17.9622
18.4062
18.8249
19.2179
19.5852
19.9267
20.2426
20.5335
20.7999
21.0428
21.2637
21.4648
21.6493
21.8227
21.9906
22.1753
22.3347
0.357066
0.477485
0.51691
0.53618
0.547701
0.554919
0.559049
0.560574
0.559706
0.556567
0.551272
0.543952
0.534771
0.523919
0.511608
0.498058
0.483491
0.468126
0.452169
0.435812
0.419229
0.402575
0.38599
0.36959
0.353478
0.337737
0.322436
0.30763
0.293362
0.279663
0.266553
0.254045
0.242144
0.23085
0.220156
0.210052
0.200525
0.191559
0.183135
0.175234
0.167837
0.160924
0.154473
0.148467
0.142885
0.137711
0.132928
0.12852
0.124474
0.120777
0.117418
0.114389
0.11168
0.109286
0.107203
0.105425
0.10395
0.102777
0.101904
0.101332
0.101058
0.101084
0.101407
0.102027
0.102941
0.104144
0.105631
0.107395
0.109424
0.111707
0.114228
0.116967
0.119905
0.123015
0.126269
0.129637
0.133083
0.136569
0.140056
0.1435
0.146855
0.150073
0.153103
0.155892
0.158388
0.160534
0.162275
0.163554
0.164314
0.164498
0.16405
0.162915
0.161043
0.158385
0.154901
0.150553
0.145316
0.139172
0.132119
0.124171
0.115362
0.105746
0.0954091
0.0844661
0.0730699
0.0614149
0.0497438
0.0383546
0.027608
0.0179329
0.00983127
0.00388646
0.000786088
0.00131782
0.00627761
0.0165321
0.0330457
0.0569074
0.0893441
0.131728
0.185583
0.252579
0.33454
0.433436
0.551361
0.690471
0.852931
1.04068
1.25594
1.50084
1.7772
2.08632
2.42911
2.80636
3.21842
3.6647
4.14422
4.65572
5.19717
5.76612
6.35985
6.9752
7.60883
8.25724
8.91683
9.58403
10.2554
10.9275
11.5974
12.2622
12.9194
13.5668
14.2026
14.825
15.4326
16.0241
16.598
17.1531
17.688
18.2016
18.6927
19.1605
19.6041
20.0229
20.4166
20.7847
21.1273
21.4443
21.7359
22.0025
22.2446
22.4629
22.6585
22.8331
22.9889
23.1294
23.2599
23.3861
23.5283
23.6463
0.361751
0.48905
0.529219
0.546918
0.555864
0.560045
0.560986
0.559382
0.555599
0.54987
0.542379
0.533298
0.522807
0.511092
0.498348
0.484768
0.470541
0.45585
0.440862
0.425733
0.4106
0.395585
0.380792
0.366313
0.35222
0.338576
0.325429
0.312816
0.300767
0.2893
0.278428
0.268159
0.258493
0.249429
0.240962
0.233085
0.225789
0.219064
0.212901
0.207289
0.20222
0.197684
0.193675
0.190185
0.18721
0.184746
0.18279
0.181342
0.180402
0.179972
0.180056
0.180656
0.181777
0.183427
0.185609
0.18833
0.191595
0.19541
0.199778
0.204703
0.210184
0.216219
0.222804
0.229931
0.237587
0.245756
0.254417
0.263543
0.273102
0.283057
0.293364
0.303974
0.314832
0.325877
0.337044
0.348259
0.359449
0.370533
0.381427
0.392045
0.402296
0.412089
0.421333
0.429932
0.437795
0.444828
0.45094
0.456042
0.46005
0.462881
0.464459
0.464716
0.463592
0.461042
0.457033
0.451549
0.444595
0.436199
0.426421
0.415351
0.403118
0.389894
0.375904
0.361425
0.346802
0.332444
0.318842
0.306576
0.296333
0.288896
0.285104
0.285891
0.292664
0.306468
0.328343
0.359583
0.401553
0.455747
0.523796
0.607467
0.708654
0.829368
0.971716
1.13789
1.33008
1.55041
1.80082
2.08304
2.39886
2.74974
3.13661
3.55974
4.01897
4.51383
5.04319
5.60508
6.1971
6.81646
7.4598
8.12341
8.80339
9.49564
10.196
10.9005
11.6052
12.3063
13.0006
13.6851
14.3571
15.0146
15.6557
16.2792
16.8838
17.469
18.034
18.5783
19.1014
19.6028
20.0818
20.5379
20.9706
21.3794
21.7641
22.1243
22.4598
22.7706
23.0567
23.3182
23.5555
23.7689
23.9591
24.1267
24.273
24.3996
24.5088
24.6039
24.6901
24.7728
24.8702
24.9448
0.352678
0.483486
0.524571
0.541465
0.548747
0.550871
0.54966
0.546023
0.540489
0.533413
0.525062
0.515664
0.505423
0.494528
0.483157
0.471477
0.45964
0.447784
0.436033
0.424494
0.41326
0.40241
0.392007
0.382104
0.372743
0.363954
0.355761
0.348181
0.341224
0.334896
0.329199
0.324134
0.319699
0.315891
0.312708
0.310149
0.308211
0.306895
0.306203
0.306138
0.306707
0.307918
0.309779
0.312304
0.315506
0.319402
0.324009
0.329347
0.335436
0.342297
0.349954
0.358428
0.367743
0.37792
0.388981
0.400945
0.413831
0.427654
0.442427
0.458157
0.47485
0.492502
0.511108
0.530653
0.551114
0.572463
0.594661
0.617661
0.641405
0.665829
0.690856
0.716401
0.74237
0.768662
0.795165
0.821763
0.848332
0.874743
0.900862
0.926553
0.951676
0.976091
0.999656
1.02223
1.04368
1.06386
1.08265
1.09992
1.11555
1.12943
1.14145
1.15153
1.1596
1.1656
1.16951
1.17132
1.17106
1.16881
1.16468
1.15881
1.15145
1.14286
1.13341
1.12353
1.11374
1.10467
1.09704
1.09172
1.0897
1.09211
1.10008
1.11497
1.13917
1.17309
1.21857
1.27716
1.35062
1.44083
1.54978
1.6796
1.83252
2.01081
2.21677
2.45269
2.72075
3.02291
3.36083
3.73592
4.14936
4.60182
5.09328
5.62298
6.18961
6.79136
7.42566
8.08915
8.77805
9.48811
10.2147
10.9529
11.6978
12.4444
13.1881
13.9244
14.6492
15.359
16.0509
16.7223
17.3714
17.9968
18.5979
19.1741
19.7256
20.2524
20.755
21.2337
21.6889
22.1207
22.5295
22.9151
23.2778
23.6174
23.9339
24.2274
24.4979
24.7454
24.9701
25.1722
25.352
25.5098
25.6462
25.7621
25.8585
25.937
25.9997
26.0499
26.0924
26.1319
26.1849
26.2164
0.331647
0.462629
0.504365
0.520865
0.527139
0.527985
0.525488
0.520766
0.514513
0.507213
0.499226
0.490841
0.482292
0.473772
0.465446
0.457448
0.449888
0.442858
0.436427
0.430649
0.425567
0.421207
0.417588
0.41472
0.412608
0.411248
0.410638
0.410769
0.411634
0.413224
0.415532
0.418552
0.422281
0.426718
0.431865
0.437728
0.444318
0.451648
0.459735
0.468602
0.478274
0.488779
0.500151
0.512423
0.525635
0.539826
0.555039
0.571318
0.588706
0.607248
0.626991
0.647978
0.670252
0.693854
0.718824
0.745198
0.773007
0.802279
0.833035
0.865291
0.899055
0.934326
0.971093
1.00933
1.04902
1.0901
1.13252
1.1762
1.22107
1.26702
1.31394
1.36171
1.41017
1.4592
1.50861
1.55826
1.60795
1.6575
1.70672
1.75543
1.80343
1.85052
1.8965
1.9412
1.98441
2.02596
2.06568
2.10339
2.13895
2.1722
2.20303
2.2313
2.25695
2.27991
2.30015
2.31769
2.33257
2.3449
2.35486
2.36266
2.36863
2.37314
2.3767
2.37988
2.3834
2.38808
2.39488
2.40493
2.41955
2.44013
2.46808
2.50527
2.55498
2.61684
2.69329
2.78621
2.89772
3.03005
3.18556
3.36666
3.57583
3.81552
4.08813
4.39593
4.74097
5.12495
5.54916
6.01452
6.52149
7.06984
7.65853
8.28572
8.94886
9.64476
10.3694
11.1181
11.8856
12.6663
13.4545
14.244
15.0292
15.8044
16.5645
17.3049
18.0218
18.712
19.373
20.0032
20.6019
21.1687
21.7039
22.2085
22.6834
23.1302
23.5501
23.9445
24.3147
24.6617
24.9864
25.2893
25.571
25.832
26.0723
26.2923
26.4921
26.6718
26.8315
26.9714
27.0918
27.193
27.2755
27.3399
27.3873
27.419
27.4372
27.4446
27.4456
27.4443
27.4553
27.4466
0.302567
0.430349
0.471854
0.487825
0.493247
0.493142
0.489821
0.484604
0.478353
0.471682
0.465047
0.458793
0.453179
0.448401
0.444598
0.441868
0.440275
0.439853
0.440619
0.442568
0.445687
0.449952
0.455335
0.461803
0.469323
0.477862
0.487387
0.49787
0.509286
0.521616
0.534843
0.54896
0.563963
0.579856
0.596649
0.614361
0.633015
0.652641
0.673276
0.694963
0.71775
0.741688
0.766835
0.793251
0.820999
0.850144
0.880753
0.912893
0.946633
0.982039
1.01918
1.05811
1.09891
1.14162
1.18629
1.23299
1.28175
1.3326
1.38558
1.44071
1.49799
1.55742
1.61898
1.68265
1.74837
1.81608
1.88571
1.95714
2.03027
2.10495
2.18103
2.25834
2.3367
2.41589
2.49572
2.57594
2.65632
2.73663
2.81661
2.89602
2.9746
3.0521
3.12828
3.20289
3.2757
3.34648
3.41501
3.48109
3.54452
3.60514
3.66277
3.7173
3.76862
3.81667
3.86141
3.90288
3.94117
3.97641
4.00882
4.03873
4.06652
4.0927
4.1179
4.14287
4.16849
4.19579
4.22598
4.26045
4.30079
4.34861
4.40554
4.47421
4.55799
4.65601
4.77113
4.90563
5.06197
5.2427
5.45048
5.68794
5.95773
6.26237
6.60425
6.98552
7.40794
7.87286
8.38108
8.93286
9.5278
10.1647
10.8414
11.5548
12.3012
13.0759
13.8734
14.6877
15.5122
16.34
17.1643
17.9782
18.7751
19.5491
20.2951
21.0085
21.6859
22.3249
22.924
23.4828
24.0015
24.4813
24.9239
25.3316
25.7066
26.0516
26.3691
26.6614
26.9306
27.1786
27.4067
27.6161
27.8078
27.9823
28.1401
28.2814
28.4065
28.5154
28.6082
28.6849
28.7457
28.7907
28.8202
28.8349
28.8354
28.8231
28.7997
28.7678
28.731
28.693
28.6662
28.6222
0.268723
0.389977
0.429689
0.444243
0.448238
0.44684
0.442582
0.436993
0.431106
0.425657
0.42118
0.418056
0.41655
0.416835
0.419012
0.423131
0.429198
0.437191
0.447066
0.458766
0.472226
0.487377
0.504149
0.522473
0.542286
0.56353
0.586151
0.610106
0.63536
0.661883
0.689659
0.718679
0.748945
0.780466
0.813263
0.847367
0.882814
0.919653
0.957937
0.997728
1.03909
1.0821
1.12683
1.17337
1.22178
1.27215
1.32457
1.37911
1.43586
1.4949
1.55629
1.62012
1.68644
1.75532
1.82681
1.90097
1.97783
2.05744
2.13982
2.22498
2.31293
2.40367
2.49715
2.59334
2.69217
2.79356
2.8974
3.00356
3.11189
3.22223
3.33437
3.4481
3.56318
3.67938
3.79641
3.914
4.03186
4.14969
4.2672
4.38408
4.50003
4.61474
4.72793
4.8393
4.94858
5.0555
5.15981
5.26127
5.35965
5.45476
5.54642
5.63449
5.71885
5.79944
5.87625
5.94933
6.01879
6.08484
6.14777
6.20796
6.26592
6.32229
6.37782
6.43345
6.49023
6.54943
6.61248
6.68106
6.75696
6.84193
6.93794
7.04896
7.17494
7.31719
7.47857
7.66175
7.86948
8.10463
8.37001
8.66843
9.00257
9.37493
9.78774
10.2429
10.7417
11.2851
11.8732
12.5054
13.1803
13.8957
14.6482
15.4335
16.2462
17.0805
17.9293
18.7854
19.6408
20.4877
21.3181
22.1247
22.9004
23.6394
24.3366
24.9881
25.5914
26.1451
26.649
27.1041
27.5124
27.8765
28.1998
28.4858
28.7384
28.9615
29.1585
29.3329
29.4875
29.6246
29.7463
29.8541
29.949
30.0319
30.1031
30.163
30.2116
30.2489
30.2746
30.2888
30.2912
30.2819
30.261
30.2287
30.1857
30.133
30.0721
30.005
29.9352
29.8654
29.8065
29.7332
0.24519
0.359112
0.394568
0.405573
0.406415
0.402385
0.396227
0.389648
0.383801
0.379484
0.377248
0.377457
0.380335
0.386008
0.394522
0.405872
0.420015
0.436884
0.456397
0.47846
0.502982
0.529868
0.559029
0.590384
0.623855
0.659377
0.696889
0.736345
0.777705
0.820942
0.866037
0.912983
0.961783
1.01245
1.06501
1.11949
1.17593
1.23438
1.2949
1.35755
1.4224
1.48951
1.55895
1.6308
1.70514
1.78202
1.86152
1.94371
2.02866
2.11642
2.20706
2.30063
2.39716
2.49671
2.59932
2.70502
2.81384
2.9258
3.04093
3.15923
3.28069
3.40531
3.53304
3.66383
3.79762
3.93431
4.07379
4.21592
4.36054
4.50745
4.65646
4.80731
4.95976
5.11353
5.26833
5.42384
5.57976
5.73575
5.89148
6.04662
6.20084
6.3538
6.50519
6.65469
6.802
6.94682
7.08889
7.22794
7.36375
7.49609
7.62479
7.74969
7.87068
7.98772
8.10082
8.21005
8.31559
8.41768
8.5167
8.61312
8.70756
8.80078
8.8937
8.9874
9.08314
9.18239
9.28685
9.39841
9.51906
9.65065
9.79588
9.95947
10.1372
10.3331
10.5501
10.7911
11.0592
11.3573
11.6884
12.0553
12.4607
12.9068
13.3955
13.9285
14.5065
15.1296
15.7972
16.5079
17.259
18.047
18.8672
19.714
20.5806
21.4595
22.3424
23.2205
24.0849
24.9267
25.7374
26.5091
27.2348
27.9088
28.5268
29.0859
29.5847
30.0235
30.4037
30.7282
31.0007
31.2258
31.4084
31.554
31.6677
31.7545
31.8192
31.8659
31.8981
31.9186
31.9298
31.9333
31.9304
31.9216
31.9074
31.8879
31.8627
31.8316
31.7943
31.7502
31.699
31.6403
31.5742
31.5005
31.4198
31.3327
31.2404
31.1448
31.0487
30.9544
30.8711
30.7769
0.230815
0.337344
0.367058
0.373162
0.369792
0.362405
0.353959
0.346291
0.340602
0.337677
0.338017
0.341922
0.34955
0.360964
0.376157
0.395083
0.417668
0.443821
0.473445
0.506437
0.5427
0.58214
0.624669
0.670209
0.718686
0.770037
0.824206
0.881146
0.940816
1.00318
1.06823
1.13594
1.20629
1.2793
1.35497
1.43331
1.51434
1.59808
1.68457
1.77384
1.86592
1.96085
2.05867
2.15941
2.2631
2.36977
2.47946
2.59219
2.70799
2.82688
2.94888
3.07401
3.20228
3.33369
3.46827
3.60602
3.74696
3.89111
4.03848
4.18908
4.34291
4.49995
4.66019
4.8236
4.99011
5.15966
5.33216
5.50747
5.68547
5.86599
6.04882
6.23374
6.42052
6.60887
6.7985
6.98913
7.18041
7.37202
7.56362
7.75487
7.94543
8.13495
8.32309
8.50953
8.69396
8.87608
9.05559
9.23223
9.40576
9.57594
9.7426
9.90558
10.0648
10.2202
10.3717
10.5196
10.6641
10.8053
10.9438
11.0802
11.2151
11.3493
11.484
11.6204
11.7599
11.9042
12.0551
12.2147
12.3852
12.5687
12.7692
12.9882
13.2228
13.4773
13.7546
14.0578
14.39
14.7543
15.1535
15.5904
16.0674
16.5864
17.1491
17.7564
18.4084
19.1046
19.8433
20.622
21.437
22.2835
23.1555
24.0459
24.9466
25.8489
26.7432
27.6197
28.4686
29.2803
30.046
30.7579
31.4093
31.9953
32.5124
32.9592
33.336
33.6446
33.8885
34.0724
34.2019
34.2833
34.3234
34.3288
34.306
34.2611
34.1994
34.1257
34.0439
33.9571
33.8677
33.7772
33.6867
33.5968
33.5074
33.4185
33.3293
33.2394
33.148
33.0544
32.9579
32.858
32.7542
32.6465
32.535
32.4203
32.3034
32.1859
32.07
31.958
31.8575
31.7502
0.228849
0.325477
0.34593
0.34423
0.334562
0.322452
0.311025
0.302146
0.29694
0.296086
0.29997
0.308793
0.322635
0.3415
0.36535
0.394121
0.427738
0.466118
0.509176
0.556828
0.608996
0.665604
0.726582
0.791861
0.861377
0.935063
1.01285
1.09469
1.1805
1.27022
1.36378
1.46112
1.56218
1.66688
1.77517
1.88698
2.00224
2.12092
2.24294
2.36826
2.49683
2.6286
2.7635
2.9015
3.04253
3.18655
3.33351
3.48337
3.6361
3.79164
3.94997
4.11103
4.2748
4.44126
4.61038
4.78217
4.95664
5.1338
5.31368
5.49631
5.68173
5.86995
6.06101
6.25493
6.4517
6.65132
6.85377
7.05898
7.2669
7.47741
7.69039
7.90566
8.12305
8.34231
8.56321
8.78548
9.00882
9.23293
9.45749
9.68216
9.90661
10.1305
10.3535
10.5753
10.7955
11.0139
11.2301
11.4439
11.6551
11.8634
12.0686
12.2705
12.4691
12.6644
12.8563
13.0451
13.2309
13.4142
13.5954
13.7751
13.9543
14.1337
14.3147
14.4985
14.6868
14.8814
15.0843
15.2979
15.5243
15.7663
16.0293
16.3068
16.6028
16.9202
17.262
17.6313
18.0311
18.4643
18.9337
19.4418
19.9905
20.5816
21.2159
21.8937
22.6144
23.3765
24.1773
25.0131
25.8791
26.7691
27.6757
28.5906
29.5045
30.4072
31.2883
32.137
32.943
33.6965
34.3887
35.012
35.5609
36.0312
36.4213
36.7313
36.9634
37.1216
37.2115
37.2397
37.2139
37.1422
37.0327
36.8936
36.7323
36.5556
36.3694
36.1788
35.9877
35.7992
35.6155
35.438
35.2674
35.1038
34.9468
34.7958
34.65
34.5082
34.3695
34.2327
34.0969
33.9613
33.8254
33.6887
33.5512
33.4135
33.2764
33.1411
33.0099
32.8846
32.7718
32.6565
0.243685
0.324276
0.330111
0.317232
0.299193
0.281351
0.266835
0.257399
0.253962
0.257034
0.266878
0.283616
0.307294
0.337915
0.375468
0.419929
0.47127
0.529454
0.594434
0.666157
0.744559
0.829568
0.921097
1.01904
1.12329
1.23369
1.35008
1.47228
1.60011
1.73334
1.87176
2.01512
2.16319
2.31573
2.47248
2.63321
2.79768
2.96566
3.13692
3.31127
3.48849
3.66839
3.85079
4.0355
4.22234
4.41117
4.60187
4.79431
4.9884
5.18402
5.38108
5.57951
5.77927
5.98031
6.18264
6.38626
6.59122
6.79757
7.00541
7.21482
7.42592
7.63883
7.85368
8.07061
8.28975
8.51122
8.73513
8.96157
9.19061
9.4223
9.65662
9.89354
10.133
10.3748
10.6188
10.8649
11.1128
11.3622
11.6129
11.8646
12.117
12.3697
12.6225
12.8749
13.1267
13.3776
13.6273
13.8754
14.1218
14.3662
14.6084
14.8482
15.0855
15.3203
15.5528
15.7829
16.0112
16.2378
16.4634
16.6888
16.9147
17.1423
17.3728
17.6077
17.8488
18.098
18.3577
18.6301
18.9176
19.2252
19.5503
19.8912
20.2518
20.6353
21.0444
21.4822
21.9515
22.455
22.9951
23.574
24.1931
24.8534
25.5553
26.2982
27.0806
27.8998
28.7522
29.6328
30.5354
31.4525
32.3755
33.2948
34.1997
35.0792
35.922
36.7167
37.4527
38.1203
38.7112
39.2187
39.6383
39.9678
40.2071
40.3587
40.427
40.4183
40.3404
40.2023
40.0134
39.7835
39.5222
39.2385
38.9408
38.6362
38.331
38.03
37.7371
37.4551
37.1858
36.9299
36.6878
36.459
36.2426
36.0375
35.8425
35.6559
35.4764
35.3026
35.1333
34.9674
34.8041
34.6429
34.4837
34.3269
34.1731
34.0237
33.8806
33.7455
33.6242
33.505
0.284482
0.335495
0.31863
0.290948
0.262902
0.239021
0.222652
0.215291
0.21768
0.230284
0.253403
0.287243
0.331955
0.38765
0.454397
0.532222
0.621097
0.720933
0.831571
0.952796
1.08434
1.22589
1.37708
1.53748
1.70664
1.88406
2.0692
2.26151
2.46041
2.66533
2.87569
3.09091
3.31042
3.53369
3.76018
3.98939
4.22087
4.45417
4.68889
4.92465
5.1611
5.39794
5.63488
5.87165
6.10801
6.34377
6.57876
6.81284
7.04589
7.2778
7.50848
7.73791
7.96613
8.1932
8.41917
8.6441
8.86811
9.09136
9.31406
9.53645
9.75879
9.98139
10.2046
10.4286
10.654
10.8809
11.1098
11.3409
11.5747
11.8113
12.051
12.294
12.5402
12.7898
13.0427
13.299
13.5584
13.8208
14.0859
14.3536
14.6235
14.8953
15.1688
15.4435
15.7192
15.9955
16.2722
16.5489
16.8253
17.1011
17.3762
17.6504
17.9236
18.1957
18.4667
18.737
19.0068
19.2766
19.5469
19.8185
20.0924
20.3697
20.6518
20.9403
21.2371
21.5444
21.8643
22.1994
22.5531
22.9278
23.3161
23.7223
24.1495
24.6007
25.0786
25.5859
26.1251
26.6985
27.3083
27.9558
28.6421
29.3674
30.1312
30.9319
31.7671
32.633
33.5247
34.4359
35.3591
36.2856
37.2052
38.1073
38.9803
39.812
40.5907
41.3047
41.9436
42.4979
42.9605
43.326
43.5916
43.7572
43.8251
43.8002
43.6895
43.5018
43.2473
42.937
42.5823
42.1942
41.7836
41.3601
40.9324
40.5079
40.0925
39.6908
39.3063
38.9411
38.5962
38.2719
37.9678
37.6829
37.4156
37.1644
36.9275
36.7029
36.4889
36.2838
36.086
35.8944
35.708
35.5262
35.3488
35.1761
35.0086
34.8478
34.6953
34.553
34.426
34.3057
0.371809
0.35929
0.309154
0.262067
0.222009
0.194381
0.183704
0.191272
0.218205
0.265336
0.333153
0.421806
0.531136
0.660716
0.809886
0.977797
1.16344
1.36571
1.58338
1.81522
2.05998
2.31641
2.5833
2.85941
3.14358
3.43463
3.73148
4.03304
4.33832
4.64637
4.95629
5.26726
5.57851
5.88934
6.19909
6.50719
6.81311
7.11636
7.41653
7.71324
8.00616
8.29501
8.57965
8.85995
9.1357
9.40669
9.67276
9.93381
10.1898
10.4406
10.6863
10.9271
11.1634
11.3956
11.6236
11.8472
12.0669
12.2829
12.4956
12.7055
12.9132
13.1192
13.3242
13.5286
13.7333
13.9388
14.1459
14.3551
14.5672
14.7834
15.0037
15.2284
15.4579
15.6927
15.9329
16.1785
16.4297
16.6862
16.9481
17.2149
17.4866
17.7628
18.0432
18.3274
18.6151
18.9059
19.1995
19.4954
19.7934
20.0932
20.3943
20.6968
21.0003
21.3049
21.6106
21.9176
22.2263
22.537
22.8505
23.1675
23.489
23.8162
24.1506
24.494
24.8483
25.2156
25.5984
25.9995
26.4232
26.8599
27.3127
27.7849
28.2793
28.7984
29.3449
29.921
30.5289
31.1703
31.8468
32.5592
33.3077
34.0917
34.9098
35.7593
36.6366
37.5369
38.4537
39.3795
40.3055
41.2216
42.1166
42.9785
43.795
44.5533
45.2413
45.8476
46.3621
46.7765
47.0849
47.284
47.3733
47.3551
47.2345
47.0193
46.7192
46.3456
45.911
45.4282
44.9102
44.3693
43.8167
43.2625
42.7154
42.1822
41.6686
41.1783
40.7141
40.2771
39.8678
39.4856
39.1293
38.7973
38.4874
38.1977
37.9257
37.6692
37.4263
37.1948
36.9731
36.7598
36.5538
36.3546
36.1617
35.9755
35.7967
35.6264
35.4665
35.3189
35.1881
35.0686
0.553323
0.385318
0.2737
0.201194
0.169692
0.185809
0.252394
0.369335
0.534407
0.744005
0.993656
1.27852
1.59379
1.93489
2.29766
2.67834
3.07359
3.4805
3.89656
4.31947
4.7472
5.17797
5.61021
6.04251
6.47362
6.90243
7.32792
7.74921
8.16552
8.57615
8.9805
9.37802
9.76825
10.1508
10.5253
10.8914
11.2489
11.5975
11.937
12.2672
12.588
12.8994
13.2021
13.4967
13.7822
14.058
14.3239
14.5799
14.826
15.0623
15.289
15.5063
15.7142
15.9127
16.103
16.2857
16.4616
16.6315
16.796
16.9559
17.1121
17.2653
17.4166
17.5667
17.7166
17.8673
18.0197
18.1747
18.3331
18.4952
18.6622
18.8354
19.0157
19.2046
19.4024
19.609
19.8248
20.0498
20.2839
20.527
20.7788
21.039
21.3073
21.5832
21.8664
22.1563
22.4525
22.7546
23.0622
23.3747
23.6919
24.0134
24.3391
24.6688
25.0026
25.3407
25.6832
26.0308
26.384
26.7437
27.1108
27.4866
27.8727
28.2709
28.6831
29.1114
29.5586
30.029
30.5131
31.0121
31.5289
32.0663
32.6268
33.2126
33.8259
34.4685
35.142
35.8477
36.5862
37.3577
38.1615
38.9961
39.8588
40.746
41.6528
42.5728
43.4985
44.421
45.33
46.2143
47.0614
47.8587
48.5929
49.2512
49.8214
50.2927
50.6561
50.9049
51.0351
51.0461
50.9399
50.722
50.4006
49.9864
49.492
48.9313
48.3188
47.669
46.9958
46.3121
45.6295
44.9577
44.3048
43.677
43.0789
42.5134
41.9822
41.4856
41.023
40.5931
40.1939
39.8231
39.4783
39.1567
38.8558
38.5728
38.3056
38.052
37.81
37.5783
37.3557
37.1414
36.9354
36.7376
36.549
36.3708
36.2047
36.053
35.9196
35.802
0.72733
0.230529
0.221326
0.41895
0.761256
1.22276
1.77666
2.39516
3.05503
3.73841
4.43222
5.1272
5.8171
6.49783
7.16678
7.82233
8.46355
9.09085
9.70444
10.303
10.8858
11.4528
12.0039
12.5391
13.0586
13.5625
14.051
14.5244
14.9828
15.4264
15.8555
16.2703
16.6709
17.0575
17.4302
17.7891
18.1342
18.4657
18.7835
19.0877
19.3781
19.6547
19.9165
20.1627
20.3943
20.6122
20.8166
21.008
21.1865
21.3527
21.5069
21.6495
21.7808
21.9012
22.0115
22.1123
22.2045
22.2888
22.3662
22.4376
22.504
22.5665
22.6262
22.6844
22.7421
22.8008
22.8616
22.9259
22.9947
23.0694
23.1511
23.2412
23.3404
23.4492
23.5688
23.701
23.8479
24.0093
24.1851
24.3754
24.5799
24.7982
25.03
25.2748
25.5321
25.8011
26.0815
26.3725
26.6736
26.9843
27.3039
27.6321
27.9686
28.3132
28.6658
29.0266
29.3958
29.7738
30.1613
30.559
30.968
31.3895
31.825
32.2764
32.7456
33.2346
33.7477
34.2752
34.8174
35.3765
35.955
36.5551
37.179
37.8284
38.5049
39.2099
39.9442
40.7084
41.5023
42.3252
43.1754
44.0502
44.9459
45.8574
46.7786
47.7018
48.6181
49.5171
50.3873
51.2163
51.9908
52.6973
53.3225
53.8534
54.2785
54.5882
54.775
54.8344
54.7653
54.5698
54.2535
53.8251
53.2961
52.6803
51.993
51.2501
50.4679
49.6619
48.8466
48.0348
47.2375
46.4639
45.721
45.0139
44.3459
43.719
43.1334
42.5887
42.0833
41.615
41.1813
40.7793
40.4061
40.0584
39.7335
39.4286
39.141
38.8686
38.6094
38.3618
38.1247
37.8974
37.6796
37.4717
37.2745
37.0893
36.9179
36.7628
36.6274
36.5122
1.72836
2.74578
4.79017
6.80615
8.65423
10.3232
11.8079
13.1181
14.2752
15.304
16.2277
17.0663
17.8357
18.5484
19.2137
19.8387
20.4281
20.9848
21.5108
22.0096
22.4838
22.9351
23.3653
23.7757
24.1675
24.5417
24.8993
25.2411
25.5677
25.8799
26.1779
26.4623
26.7333
26.9911
27.2359
27.4677
27.6865
27.8925
28.0855
28.2656
28.4327
28.5866
28.7271
28.854
28.9673
29.0671
29.1536
29.227
29.2875
29.3353
29.3709
29.3944
29.4064
29.4073
29.3976
29.3779
29.3489
29.3113
29.266
29.214
29.1563
29.094
29.0284
28.9608
28.8926
28.8253
28.7605
28.6998
28.6448
28.5971
28.5584
28.5303
28.5143
28.5116
28.5236
28.5516
28.5956
28.6577
28.7404
28.8447
28.9699
29.1161
29.2826
29.469
29.6746
29.8987
30.1405
30.3992
30.6741
30.9643
31.2693
31.5884
31.9212
32.2673
32.6267
32.9993
33.3853
33.785
34.1991
34.6282
35.0733
35.5357
36.0167
36.5184
37.0427
37.5909
38.154
38.7332
39.3296
39.9449
40.581
41.2396
41.9223
42.6303
43.3646
44.1258
44.9141
45.7291
46.5698
47.4342
48.3196
49.2221
50.1367
51.0571
51.9755
52.8831
53.7693
54.6226
55.4302
56.1788
56.8545
57.4432
57.9318
58.308
58.5614
58.6841
58.6711
58.5207
58.2351
57.8198
57.2842
56.6406
55.9038
55.0903
54.2177
53.3038
52.3657
51.4193
50.4788
49.5565
48.6624
47.8043
46.9879
46.217
45.4934
44.8179
44.1897
43.6073
43.0682
42.5697
42.1086
41.6816
41.2853
40.9163
40.5715
40.248
39.9432
39.6546
39.3803
39.1187
38.8687
38.6297
38.4015
38.1844
37.9792
37.7875
37.6113
37.453
37.3158
37.203
54.7286
52.2195
49.9718
47.837
45.8931
44.2332
42.875
41.7981
40.9698
40.3514
39.9034
39.5886
39.3743
39.2335
39.1445
39.0911
39.0613
39.0467
39.0416
39.0428
39.0483
39.0572
39.0689
39.0833
39.1
39.1186
39.1386
39.1596
39.1806
39.201
39.22
39.2368
39.2507
39.2611
39.2674
39.2689
39.2652
39.2558
39.2403
39.2183
39.1892
39.1528
39.1084
39.0558
38.9945
38.9243
38.8447
38.7556
38.6568
38.5482
38.4297
38.3016
38.1637
38.0165
37.86
37.6947
37.521
37.3394
37.1505
36.9551
36.754
36.5482
36.3388
36.1271
35.9146
35.7026
35.4931
35.2877
35.0884
34.8971
34.7159
34.5468
34.3918
34.2529
34.1319
34.0305
33.95
33.8922
33.8577
33.8474
33.8643
33.9105
33.9846
34.0865
34.2153
34.3703
34.5505
34.7551
34.9831
35.2335
35.5055
35.7982
36.1113
36.4441
36.7964
37.1682
37.5595
37.9705
38.4017
38.8538
39.3275
39.8245
40.3453
40.8934
41.4642
42.0531
42.6603
43.2862
43.9319
44.5984
45.287
45.999
46.7353
47.4963
48.2826
49.0937
49.929
50.7872
51.6662
52.5629
53.4733
54.3921
55.3131
56.2283
57.1287
58.0038
58.8418
59.6298
60.354
61.0003
61.5543
62.0021
62.3309
62.5298
62.5903
62.5067
62.2772
61.9036
61.3919
60.7517
59.9962
59.1411
58.2044
57.205
56.1623
55.0947
54.0198
52.9529
51.9076
50.8946
49.9226
48.9977
48.1241
47.304
46.538
45.8256
45.165
44.5537
43.9887
43.4667
42.9839
42.5368
42.1217
41.735
41.3735
41.0342
40.7142
40.4114
40.1237
39.8495
39.5879
39.3381
39.1
38.8742
38.6616
38.4637
38.2826
38.1211
37.9819
37.8712
85.1839
84.5683
83.8303
82.9199
81.8442
80.6432
79.3392
77.9476
76.4881
74.9843
73.4609
71.9423
70.451
69.0067
67.6255
66.3197
65.0972
63.9625
62.9163
61.9564
61.0786
60.2767
59.5437
58.8723
58.255
57.6846
57.1546
56.6594
56.1938
55.7538
55.3358
54.937
54.5551
54.1881
53.8344
53.4924
53.1609
52.8385
52.5239
52.2157
51.9127
51.6136
51.3172
51.0222
50.7276
50.4324
50.1354
49.836
49.5333
49.2267
48.9157
48.5999
48.2789
47.9525
47.6206
47.283
46.9398
46.591
46.2369
45.8778
45.5141
45.1464
44.7755
44.4025
44.0285
43.6549
43.2833
42.9155
42.5534
42.1993
41.8554
41.5241
41.2078
40.9091
40.6302
40.3737
40.1417
39.9363
39.7591
39.6119
39.4961
39.4114
39.3611
39.3475
39.3694
39.426
39.5165
39.6399
39.795
39.9808
40.1964
40.4408
40.7133
41.0134
41.3407
41.695
42.0762
42.4842
42.9198
43.3832
43.8748
44.3975
44.9491
45.524
46.1219
46.7418
47.3834
48.0466
48.7319
49.44
50.1713
50.9264
51.7054
52.5083
53.3344
54.1826
55.0512
55.9378
56.839
57.7507
58.6673
59.5824
60.488
61.3749
62.2326
63.0491
63.8114
64.5057
65.1173
65.6318
66.0349
66.3133
66.4557
66.4529
66.2991
65.992
65.5333
64.929
64.1892
63.3274
62.3605
61.3073
60.1881
59.0233
57.833
56.6357
55.4481
54.2846
53.157
52.0744
51.0437
50.0694
49.1539
48.2981
47.5014
46.762
46.0776
45.4448
44.8603
44.32
43.8202
43.3568
42.9261
42.5245
42.1487
41.7955
41.4622
41.1465
40.8466
40.5608
40.2882
40.0282
39.7808
39.5465
39.3264
39.1222
38.936
38.7708
38.6291
38.5195
98.2618
98.1345
97.9928
97.8407
97.6613
97.4534
97.2152
96.9391
96.6174
96.243
95.8097
95.3116
94.744
94.1033
93.3876
92.5965
91.7319
90.7976
89.7994
88.7448
87.6429
86.5037
85.3383
84.1576
82.9727
81.794
80.631
79.4918
78.3833
77.3106
76.2774
75.2858
74.3367
73.4294
72.5627
71.7343
70.9414
70.1811
69.4501
68.7452
68.0632
67.4014
66.7571
66.128
65.5119
64.907
64.3118
63.7248
63.1447
62.5703
62.0006
61.4347
60.8716
60.3105
59.7507
59.1913
58.6318
58.0716
57.5102
56.9474
56.383
55.8169
55.2495
54.6812
54.1127
53.5449
52.9792
52.4169
51.86
51.3103
50.7702
50.2422
49.7289
49.2333
48.7583
48.3068
47.8818
47.4862
47.1225
46.7933
46.5005
46.2457
46.0306
45.855
45.7215
45.6323
45.5871
45.5848
45.6243
45.7048
45.8251
45.9844
46.182
46.4173
46.6899
46.9994
47.3453
47.7273
48.1466
48.6034
49.0954
49.6178
50.1705
50.7517
51.3605
51.9955
52.656
53.3415
54.0516
54.7861
55.545
56.3278
57.1339
57.9621
58.8109
59.678
60.5606
61.4549
62.3564
63.2594
64.1569
65.041
65.9021
66.7297
67.5117
68.2349
68.8852
69.448
69.9084
70.2521
70.4654
70.5367
70.4567
70.2192
69.8219
69.2666
68.5595
67.7111
66.7358
65.651
64.4768
63.2345
61.9457
60.6316
59.3117
58.0038
56.7228
55.4812
54.2889
53.1528
52.0779
51.0668
50.1205
49.2384
48.4189
47.6595
46.9569
46.3073
45.707
45.1516
44.6372
44.1596
43.715
43.2997
42.9104
42.544
42.1979
41.8697
41.5577
41.2603
40.9766
40.7062
40.4491
40.206
39.978
39.7668
39.5749
39.4051
39.2599
39.15
101.487
101.493
101.479
101.451
101.405
101.345
101.279
101.211
101.141
101.07
100.998
100.922
100.842
100.755
100.658
100.548
100.422
100.277
100.109
99.9132
99.6871
99.4265
99.1275
98.7867
98.4008
97.9673
97.4841
96.9499
96.3646
95.7286
95.0437
94.3123
93.5379
92.7246
91.8773
91.0011
90.1016
89.1843
88.2545
87.3174
86.3776
85.4393
84.5061
83.5807
82.6653
81.7617
80.8705
79.9923
79.127
78.274
77.4326
76.6017
75.7804
74.9673
74.1613
73.3612
72.5659
71.7743
70.9856
70.1991
69.4141
68.6303
67.8474
67.0654
66.2844
65.5048
64.7274
63.9531
63.1831
62.4191
61.6629
60.9169
60.1836
59.466
58.7673
58.0909
57.4403
56.8192
56.2311
55.6792
55.1666
54.6961
54.2701
53.8903
53.5586
53.2756
53.0428
52.8622
52.7347
52.6598
52.6368
52.6649
52.7436
52.8725
53.0524
53.2818
53.5598
53.8849
54.2542
54.6651
55.1173
55.6082
56.136
56.6989
57.295
57.9225
58.58
59.2661
59.9798
60.7198
61.4852
62.2744
63.0857
63.9168
64.765
65.6268
66.498
67.3733
68.2467
69.1109
69.9574
70.7767
71.5576
72.2879
72.9544
73.5428
74.0381
74.4256
74.6904
74.8192
74.8001
74.6238
74.2844
73.7797
73.1118
72.2876
71.3181
70.2187
69.0077
67.7062
66.3364
64.921
63.4819
62.0394
60.6117
59.2145
57.8605
56.5598
55.3196
54.145
53.0388
52.0019
51.0341
50.1335
49.2977
48.5234
47.8068
47.1439
46.5304
45.962
45.4345
44.9439
44.4861
44.0577
43.6552
43.2758
42.9167
42.5759
42.2515
41.9422
41.647
41.3658
41.0985
40.846
40.6094
40.3906
40.192
40.0167
39.8671
39.7553
102.195
102.221
102.227
102.224
102.213
102.198
102.182
102.168
102.155
102.145
102.138
102.133
102.129
102.127
102.127
102.127
102.128
102.128
102.127
102.124
102.119
102.109
102.094
102.073
102.044
102.005
101.956
101.895
101.818
101.726
101.615
101.483
101.328
101.147
100.939
100.7
100.43
100.124
99.7823
99.4025
98.9835
98.5244
98.0249
97.4851
96.9055
96.2871
95.6313
94.9402
94.2157
93.4605
92.6772
91.8686
91.0376
90.187
89.3196
88.4377
87.5438
86.6397
85.7272
84.8077
83.8822
82.9517
82.0168
81.0779
80.1356
79.1902
78.2422
77.2924
76.3417
75.3913
74.4428
73.4983
72.5604
71.6318
70.7159
69.8165
68.9375
68.0831
67.2575
66.4646
65.7086
64.9932
64.3222
63.699
63.1266
62.6078
62.1451
61.7409
61.3969
61.1148
60.8962
60.7418
60.6519
60.6263
60.6625
60.7599
60.9171
61.1325
61.4035
61.7276
62.1024
62.5253
62.9937
63.5049
64.0563
64.6453
65.2695
65.9268
66.6148
67.3313
68.0741
68.8404
69.6272
70.4309
71.2472
72.0712
72.897
73.7179
74.526
75.3123
76.0666
76.7777
77.4329
78.0187
78.5204
78.9233
79.2122
79.3725
79.3909
79.2559
78.9585
78.4933
77.8588
77.0582
76.0989
74.9933
73.7574
72.4109
70.9755
69.4743
67.9305
66.3664
64.8028
63.2579
61.7474
60.2841
58.878
57.5364
56.2643
55.0645
53.9382
52.8849
51.903
50.99
50.1427
49.3573
48.6297
47.9555
47.3305
46.7501
46.2103
45.7068
45.236
44.7942
44.3782
43.9852
43.6127
43.2585
42.921
42.599
42.2917
41.9988
41.7205
41.4577
41.2116
40.9842
40.778
40.5961
40.4409
40.3253
102.34
102.376
102.398
102.413
102.421
102.425
102.426
102.427
102.429
102.433
102.44
102.449
102.462
102.479
102.499
102.522
102.548
102.577
102.608
102.64
102.675
102.71
102.745
102.781
102.816
102.85
102.883
102.914
102.942
102.967
102.989
103.006
103.018
103.024
103.024
103.016
103
102.975
102.939
102.892
102.833
102.759
102.671
102.566
102.443
102.3
102.136
101.949
101.737
101.498
101.23
100.931
100.599
100.232
99.8295
99.389
98.9094
98.3897
97.8291
97.2273
96.5841
95.9001
95.1757
94.4122
93.6109
92.7738
91.903
91.0009
90.0705
89.1147
88.1369
87.1409
86.1303
85.1094
84.0827
83.0547
82.0301
81.0142
80.0111
79.0248
78.0603
77.1226
76.2174
75.3502
74.5266
73.7517
73.0308
72.3688
71.7715
71.2419
70.7832
70.3979
70.0877
69.8532
69.6936
69.6079
69.5944
69.6513
69.776
69.9657
70.2173
70.5275
70.8929
71.31
71.7754
72.2854
72.8367
73.4257
74.0491
74.7032
75.3844
76.0883
76.8104
77.5455
78.2877
79.0302
79.7654
80.4846
81.1781
81.8352
82.4437
82.9909
83.4626
83.8442
84.1206
84.2769
84.2988
84.1734
83.8899
83.4402
82.8201
82.0294
81.0725
79.9583
78.7003
77.3159
75.8254
74.2514
72.6172
70.946
69.2601
67.5798
65.923
64.3048
62.7377
61.2314
59.793
58.4273
57.1371
55.9235
54.7863
53.7238
52.7337
51.8128
50.9573
50.1632
49.4261
48.7418
48.1056
47.5134
46.9609
46.4441
45.9594
45.5033
45.0728
44.6651
44.2779
43.9091
43.5574
43.2215
42.9007
42.595
42.3045
42.0302
41.7735
41.5363
41.3212
41.1314
40.9691
40.8473
102.321
102.361
102.39
102.413
102.431
102.445
102.458
102.47
102.482
102.497
102.514
102.533
102.555
102.581
102.609
102.64
102.674
102.711
102.75
102.792
102.835
102.881
102.928
102.977
103.027
103.077
103.129
103.18
103.231
103.282
103.333
103.382
103.43
103.477
103.522
103.564
103.604
103.642
103.676
103.707
103.734
103.758
103.777
103.792
103.803
103.808
103.808
103.803
103.791
103.772
103.746
103.712
103.669
103.616
103.552
103.475
103.385
103.28
103.157
103.015
102.852
102.664
102.45
102.206
101.929
101.616
101.264
100.868
100.427
99.9367
99.3948
98.7995
98.1498
97.4467
96.6925
95.8882
95.0366
94.141
93.2077
92.2446
91.2602
90.2634
89.2636
88.2702
87.2928
86.3407
85.4229
84.5477
83.7212
82.9517
82.2505
81.6244
81.0766
80.609
80.2227
79.9181
79.6944
79.5504
79.4841
79.4929
79.5738
79.7231
79.9371
80.2115
80.542
80.9242
81.3535
81.8251
82.3343
82.8758
83.4444
84.0342
84.6387
85.2509
85.8628
86.4659
87.0505
87.6058
88.1204
88.5814
88.9755
89.2883
89.5049
89.6105
89.5905
89.4312
89.1209
88.6499
88.0119
87.2044
86.229
85.092
83.8041
82.3801
80.8384
79.2
77.4873
75.7234
73.9309
72.1308
70.3426
68.583
66.8662
65.2039
63.6052
62.0768
60.6233
59.2475
57.9505
56.7321
55.5908
54.5245
53.53
52.6038
51.742
50.9402
50.1942
49.4995
48.8517
48.2467
47.6803
47.1488
46.6486
46.1766
45.7297
45.3055
44.9018
44.5167
44.1489
43.7973
43.4615
43.1412
42.837
42.5496
42.2807
42.0323
41.8068
41.6074
41.4366
41.3055
102.259
102.301
102.333
102.361
102.385
102.406
102.425
102.443
102.462
102.482
102.504
102.528
102.555
102.584
102.616
102.65
102.687
102.727
102.77
102.815
102.862
102.911
102.962
103.015
103.069
103.124
103.18
103.237
103.295
103.353
103.411
103.469
103.527
103.584
103.641
103.697
103.751
103.805
103.857
103.908
103.958
104.006
104.052
104.097
104.141
104.183
104.223
104.262
104.299
104.335
104.369
104.401
104.432
104.461
104.489
104.514
104.537
104.558
104.576
104.592
104.603
104.611
104.613
104.61
104.601
104.583
104.556
104.517
104.464
104.394
104.304
104.19
104.047
103.868
103.646
103.376
103.054
102.676
102.24
101.744
101.187
100.572
99.9012
99.1823
98.4234
97.635
96.8286
96.0167
95.2117
94.4283
93.6772
92.9665
92.3063
91.7051
91.1694
90.7042
90.3128
89.9972
89.7581
89.5948
89.5058
89.4884
89.5395
89.6551
89.8306
90.0612
90.3415
90.6658
91.0281
91.4218
91.84
92.275
92.7185
93.1615
93.5941
94.0055
94.384
94.7171
94.9913
95.1927
95.3067
95.3185
95.2137
94.9785
94.6008
94.0703
93.3797
92.525
91.5061
90.3273
88.9971
87.5279
85.9358
84.2397
82.4604
80.6194
78.7387
76.839
74.9397
73.0584
71.2103
69.4083
67.663
65.9828
64.374
62.8409
61.3864
60.0116
58.7164
57.4998
56.3596
55.2931
54.2968
53.3671
52.4998
51.6906
50.9353
50.2295
49.569
48.9497
48.3678
47.8197
47.3021
46.812
46.3466
45.9037
45.4813
45.0777
44.6917
44.3225
43.9696
43.633
43.3132
43.0112
42.7284
42.467
42.2295
42.019
41.838
41.6946
102.189
102.232
102.267
102.298
102.326
102.352
102.376
102.399
102.423
102.447
102.473
102.5
102.53
102.562
102.596
102.633
102.672
102.714
102.758
102.805
102.853
102.904
102.956
103.01
103.066
103.123
103.181
103.24
103.3
103.361
103.422
103.483
103.545
103.606
103.667
103.728
103.789
103.849
103.908
103.967
104.026
104.083
104.14
104.197
104.253
104.309
104.364
104.42
104.475
104.53
104.586
104.642
104.699
104.756
104.814
104.874
104.934
104.996
105.06
105.125
105.192
105.261
105.333
105.407
105.483
105.563
105.644
105.728
105.815
105.903
105.993
106.083
106.171
106.257
106.339
106.412
106.474
106.52
106.545
106.543
106.509
106.437
106.321
106.158
105.942
105.671
105.347
104.971
104.549
104.087
103.59
103.071
102.544
102.022
101.519
101.045
100.612
100.227
99.8967
99.6241
99.4118
99.2602
99.1684
99.1341
99.1542
99.2244
99.3395
99.4936
99.68
99.8914
100.119
100.355
100.588
100.809
101.005
101.165
101.274
101.32
101.289
101.165
100.936
100.588
100.109
99.4895
98.7207
97.7986
96.7219
95.4931
94.1188
92.609
90.9772
89.2396
87.4143
85.5207
83.5786
81.6074
79.6256
77.6504
75.6972
73.7796
71.9093
70.0958
68.347
66.6689
65.0658
63.5406
62.0946
60.7282
59.4404
58.2295
57.093
56.0279
55.0305
54.0971
53.2234
52.4053
51.6386
50.9191
50.2428
49.6058
49.0046
48.4357
47.8962
47.3833
46.8945
46.4279
45.9816
45.5544
45.145
44.7528
44.3777
44.0195
43.679
43.3571
43.0555
42.7761
42.5216
42.2948
42.0989
41.9356
102.105
102.148
102.185
102.219
102.251
102.281
102.309
102.337
102.365
102.394
102.423
102.454
102.487
102.521
102.558
102.596
102.637
102.681
102.726
102.773
102.823
102.874
102.927
102.982
103.038
103.096
103.155
103.215
103.276
103.338
103.4
103.463
103.526
103.589
103.653
103.716
103.78
103.843
103.906
103.969
104.032
104.095
104.157
104.22
104.283
104.345
104.409
104.472
104.537
104.602
104.668
104.735
104.804
104.874
104.947
105.021
105.098
105.177
105.26
105.346
105.436
105.53
105.628
105.731
105.84
105.954
106.074
106.201
106.336
106.477
106.626
106.784
106.949
107.123
107.304
107.494
107.691
107.895
108.104
108.318
108.534
108.75
108.963
109.17
109.367
109.55
109.713
109.852
109.96
110.033
110.067
110.059
110.007
109.914
109.782
109.619
109.432
109.231
109.026
108.825
108.636
108.467
108.321
108.202
108.11
108.045
108.003
107.981
107.973
107.972
107.97
107.959
107.928
107.865
107.761
107.601
107.374
107.066
106.666
106.16
105.539
104.794
103.916
102.902
101.75
100.461
99.0392
97.4932
95.8331
94.0717
92.2238
90.3054
88.3332
86.3241
84.2944
82.2599
80.2353
78.2341
76.268
74.3478
72.4822
70.6788
68.9433
67.2803
65.6928
64.1826
62.7503
61.3954
60.1168
58.9122
57.7789
56.7138
55.7131
54.7729
53.8894
53.0583
52.2756
51.5373
50.8397
50.1793
49.5525
48.9566
48.3886
47.8462
47.3273
46.83
46.3531
45.8952
45.4556
45.0337
44.6295
44.2432
43.8753
43.5269
43.1996
42.8956
42.6173
42.3675
42.1502
41.957
102.007
102.052
102.091
102.127
102.162
102.196
102.229
102.261
102.293
102.325
102.358
102.392
102.428
102.465
102.504
102.545
102.587
102.632
102.678
102.727
102.777
102.829
102.883
102.938
102.994
103.052
103.112
103.172
103.233
103.295
103.358
103.422
103.486
103.55
103.615
103.679
103.744
103.81
103.875
103.94
104.006
104.071
104.137
104.204
104.27
104.337
104.405
104.474
104.543
104.614
104.686
104.76
104.835
104.913
104.993
105.076
105.161
105.25
105.343
105.439
105.54
105.645
105.756
105.873
105.996
106.125
106.262
106.407
106.56
106.722
106.894
107.075
107.267
107.47
107.685
107.911
108.15
108.4
108.664
108.939
109.227
109.526
109.837
110.158
110.488
110.826
111.17
111.517
111.865
112.21
112.549
112.878
113.193
113.488
113.76
114.005
114.22
114.401
114.549
114.663
114.744
114.793
114.814
114.807
114.776
114.722
114.645
114.544
114.417
114.261
114.07
113.839
113.56
113.225
112.825
112.351
111.794
111.144
110.394
109.536
108.565
107.477
106.27
104.945
103.504
101.953
100.299
98.5506
96.7195
94.8177
92.8583
90.8547
88.8208
86.7702
84.7161
82.6713
80.6475
78.6555
76.705
74.8046
72.9615
71.1817
69.47
67.8297
66.2632
64.7715
63.3548
62.0122
60.7421
59.5422
58.4095
57.3409
56.3327
55.381
54.482
53.6317
52.8264
52.0622
51.3358
50.6438
49.9833
49.3517
48.7465
48.1657
47.6076
47.0708
46.5541
46.0567
45.578
45.1177
44.6758
44.2526
43.8487
43.4653
43.1037
42.7661
42.455
42.173
41.9256
41.689
101.901
101.946
101.987
102.026
102.064
102.101
102.137
102.173
102.209
102.245
102.281
102.319
102.357
102.397
102.438
102.481
102.525
102.571
102.619
102.668
102.719
102.772
102.826
102.882
102.939
102.997
103.056
103.117
103.178
103.241
103.304
103.368
103.432
103.497
103.562
103.628
103.694
103.761
103.827
103.895
103.962
104.03
104.098
104.167
104.236
104.306
104.377
104.449
104.522
104.597
104.673
104.751
104.831
104.914
104.999
105.086
105.177
105.272
105.37
105.473
105.58
105.692
105.81
105.934
106.065
106.202
106.347
106.5
106.662
106.833
107.013
107.205
107.407
107.621
107.846
108.085
108.336
108.601
108.879
109.172
109.478
109.799
110.134
110.482
110.844
111.218
111.603
111.999
112.404
112.815
113.232
113.651
114.069
114.484
114.892
115.288
115.669
116.031
116.369
116.679
116.956
117.197
117.396
117.552
117.659
117.716
117.717
117.661
117.544
117.363
117.112
116.79
116.39
115.908
115.34
114.679
113.923
113.067
112.108
111.043
109.871
108.593
107.21
105.725
104.144
102.473
100.719
98.8919
97.0008
95.0566
93.0707
91.0545
89.0199
86.9785
84.9415
82.9199
80.9238
78.9625
77.0445
75.1771
73.3665
71.6178
69.935
68.3208
66.777
65.3042
63.9022
62.5697
61.305
60.1057
58.9686
57.8907
56.8682
55.8974
54.9747
54.0963
53.2587
52.4584
51.6924
50.9577
50.2519
49.5728
48.9183
48.2871
47.6776
47.089
46.5205
45.9716
45.4419
44.9314
44.4401
43.9685
43.5171
43.0869
42.6793
42.296
41.9396
41.6123
41.3223
41.0237
101.792
101.838
101.88
101.921
101.961
102.001
102.04
102.079
102.118
102.158
102.197
102.238
102.279
102.321
102.365
102.41
102.456
102.504
102.553
102.603
102.655
102.708
102.763
102.819
102.876
102.935
102.995
103.055
103.117
103.18
103.243
103.307
103.372
103.438
103.504
103.57
103.637
103.705
103.773
103.841
103.91
103.98
104.05
104.121
104.192
104.265
104.338
104.413
104.489
104.567
104.647
104.728
104.812
104.898
104.986
105.078
105.173
105.272
105.374
105.481
105.593
105.709
105.832
105.96
106.095
106.236
106.386
106.543
106.709
106.884
107.068
107.263
107.469
107.686
107.914
108.155
108.409
108.676
108.956
109.25
109.558
109.88
110.216
110.566
110.929
111.304
111.692
112.091
112.499
112.916
113.339
113.767
114.196
114.625
115.049
115.466
115.872
116.262
116.633
116.979
117.297
117.58
117.824
118.023
118.173
118.267
118.302
118.271
118.169
117.993
117.736
117.395
116.966
116.444
115.826
115.11
114.291
113.37
112.345
111.216
109.984
108.652
107.222
105.699
104.089
102.398
100.634
98.8053
96.9216
94.9927
93.0288
91.0407
89.039
87.0342
85.0368
83.0564
81.1024
79.1831
77.3061
75.4779
73.7042
71.9892
70.3364
68.748
67.2254
65.7687
64.3773
63.05
61.7846
60.5786
59.4289
58.3322
57.2851
56.284
55.3253
54.4056
53.5217
52.6707
51.8498
51.0566
50.2893
49.5462
48.8259
48.1273
47.4498
46.7928
46.1561
45.5393
44.9426
44.366
43.8097
43.274
42.7594
42.2667
41.7967
41.3511
40.9322
40.5417
40.1916
39.8072
101.686
101.733
101.776
101.819
101.861
101.903
101.945
101.987
102.029
102.071
102.113
102.157
102.2
102.245
102.291
102.338
102.386
102.435
102.485
102.537
102.59
102.644
102.699
102.756
102.814
102.873
102.933
102.994
103.056
103.118
103.182
103.247
103.312
103.378
103.445
103.512
103.58
103.649
103.718
103.788
103.858
103.929
104.002
104.074
104.148
104.223
104.299
104.377
104.456
104.536
104.619
104.703
104.79
104.879
104.971
105.066
105.164
105.266
105.372
105.483
105.598
105.718
105.843
105.974
106.112
106.257
106.408
106.568
106.736
106.912
107.098
107.294
107.5
107.716
107.944
108.183
108.434
108.698
108.974
109.263
109.565
109.88
110.208
110.549
110.902
111.266
111.642
112.028
112.423
112.825
113.233
113.644
114.057
114.469
114.877
115.278
115.667
116.042
116.398
116.73
117.034
117.304
117.537
117.725
117.865
117.95
117.975
117.935
117.824
117.638
117.371
117.019
116.578
116.045
115.415
114.687
113.859
112.929
111.898
110.766
109.534
108.206
106.785
105.276
103.685
102.018
100.283
98.4877
96.6416
94.7539
92.8343
90.893
88.9398
86.9847
85.0371
83.1062
81.2005
79.3276
77.4944
75.7068
73.9698
72.2871
70.6617
69.0952
67.5885
66.1414
64.753
63.4217
62.1452
60.9207
59.7452
58.6154
57.5279
56.4794
55.4664
54.4861
53.5357
52.6127
51.7151
50.8412
49.9898
49.1599
48.3508
47.5624
46.7944
46.0469
45.3201
44.6142
43.9295
43.2662
42.6246
42.0049
41.4073
40.8321
40.28
39.752
39.2502
38.7761
38.347
37.854
101.59
101.638
101.682
101.726
101.77
101.814
101.858
101.902
101.947
101.991
102.036
102.082
102.128
102.175
102.222
102.271
102.321
102.371
102.423
102.476
102.53
102.585
102.641
102.699
102.757
102.816
102.877
102.938
103.001
103.064
103.128
103.193
103.259
103.326
103.393
103.462
103.531
103.6
103.671
103.742
103.814
103.887
103.961
104.036
104.112
104.189
104.268
104.348
104.429
104.513
104.598
104.685
104.775
104.868
104.963
105.061
105.163
105.268
105.377
105.49
105.608
105.731
105.859
105.993
106.133
106.279
106.433
106.594
106.762
106.939
107.125
107.32
107.524
107.739
107.963
108.199
108.445
108.703
108.972
109.253
109.546
109.85
110.166
110.493
110.831
111.179
111.537
111.903
112.276
112.656
113.039
113.426
113.812
114.196
114.575
114.946
115.305
115.649
115.974
116.276
116.549
116.79
116.994
117.154
117.267
117.327
117.328
117.266
117.136
116.932
116.65
116.285
115.834
115.294
114.66
113.932
113.106
112.183
111.163
110.046
108.833
107.529
106.136
104.659
103.104
101.477
99.7854
98.0369
96.2401
94.4039
92.5374
90.6501
88.7512
86.85
84.9553
83.0756
81.2186
79.3914
77.6001
75.8499
74.1452
72.4891
70.8838
69.3306
67.8297
66.3805
64.9816
63.6311
62.3264
61.0647
59.8427
58.6573
57.5052
56.3834
55.289
54.2197
53.1733
52.1483
51.1434
50.1581
49.1918
48.2447
47.3171
46.4096
45.5227
44.6573
43.8141
42.9937
42.1968
41.4239
40.6752
39.9509
39.2511
38.5761
37.926
37.3018
36.7057
36.1394
35.6267
35.0242
101.51
101.559
101.604
101.649
101.694
101.74
101.786
101.832
101.878
101.925
101.972
102.02
102.068
102.117
102.167
102.217
102.268
102.321
102.374
102.428
102.483
102.539
102.596
102.654
102.714
102.774
102.835
102.897
102.96
103.024
103.089
103.154
103.221
103.289
103.357
103.426
103.496
103.567
103.639
103.712
103.785
103.86
103.936
104.013
104.091
104.171
104.252
104.335
104.419
104.505
104.593
104.684
104.777
104.872
104.97
105.072
105.176
105.285
105.397
105.513
105.634
105.759
105.89
106.026
106.168
106.316
106.471
106.633
106.802
106.978
107.163
107.357
107.559
107.77
107.991
108.221
108.462
108.713
108.973
109.245
109.526
109.818
110.12
110.431
110.752
111.081
111.418
111.762
112.111
112.464
112.82
113.177
113.533
113.885
114.23
114.566
114.89
115.198
115.486
115.75
115.986
116.191
116.358
116.484
116.563
116.591
116.563
116.474
116.319
116.093
115.792
115.412
114.95
114.402
113.766
113.038
112.219
111.306
110.301
109.203
108.015
106.74
105.38
103.94
102.426
100.843
99.1986
97.4998
95.7546
93.9714
92.1587
90.3252
88.4796
86.6304
84.7858
82.9534
81.1403
79.3526
77.5958
75.8743
74.1916
72.55
70.951
69.3952
67.882
66.4102
64.9781
63.583
62.2223
60.8929
59.5917
58.3156
57.062
55.8283
54.6126
53.4133
52.2297
51.0613
49.9084
48.7714
47.6516
46.5501
45.4687
44.4089
43.3725
42.3611
41.3764
40.4196
39.492
38.5947
37.7283
36.8935
36.0907
35.3203
34.5828
33.879
33.2115
32.5819
32.0204
31.3542
101.452
101.501
101.547
101.593
101.64
101.687
101.735
101.783
101.831
101.879
101.929
101.978
102.028
102.079
102.131
102.183
102.236
102.29
102.344
102.4
102.456
102.513
102.572
102.631
102.691
102.752
102.814
102.877
102.941
103.005
103.071
103.138
103.205
103.274
103.343
103.414
103.485
103.557
103.631
103.705
103.781
103.857
103.935
104.014
104.095
104.177
104.26
104.346
104.433
104.522
104.613
104.707
104.803
104.901
105.003
105.107
105.215
105.326
105.441
105.56
105.684
105.812
105.945
106.083
106.227
106.377
106.532
106.695
106.864
107.04
107.224
107.416
107.615
107.823
108.04
108.265
108.499
108.742
108.994
109.255
109.525
109.804
110.091
110.386
110.689
110.998
111.314
111.634
111.958
112.285
112.612
112.939
113.263
113.581
113.892
114.192
114.478
114.748
114.998
115.223
115.421
115.587
115.716
115.805
115.848
115.842
115.782
115.662
115.48
115.23
114.908
114.511
114.035
113.478
112.836
112.108
111.293
110.389
109.396
108.316
107.151
105.902
104.572
103.167
101.69
100.148
98.5472
96.8937
95.1952
93.4595
91.6943
89.9078
88.1079
86.3023
84.4982
82.7024
80.921
79.1592
77.4213
75.7107
74.0298
72.38
70.7617
69.1744
67.6167
66.0868
64.5822
63.1
61.6373
60.1912
58.7591
57.3386
55.928
54.5262
53.1328
51.748
50.373
49.0093
47.6591
46.3252
45.0105
43.7183
42.4519
41.2148
40.0102
38.8413
37.711
36.6218
35.576
34.5756
33.6219
32.7158
31.8578
31.048
30.286
29.5717
28.9063
28.2897
27.7553
27.1114
101.426
101.476
101.523
101.57
101.618
101.667
101.716
101.765
101.815
101.865
101.916
101.967
102.019
102.071
102.125
102.178
102.233
102.288
102.344
102.401
102.459
102.517
102.577
102.637
102.698
102.76
102.823
102.887
102.952
103.018
103.085
103.153
103.221
103.291
103.362
103.433
103.506
103.58
103.655
103.731
103.808
103.887
103.967
104.048
104.131
104.216
104.302
104.39
104.48
104.572
104.666
104.762
104.861
104.963
105.067
105.175
105.286
105.4
105.518
105.64
105.766
105.897
106.032
106.172
106.318
106.469
106.626
106.789
106.958
107.134
107.317
107.507
107.704
107.909
108.121
108.341
108.569
108.805
109.049
109.3
109.559
109.826
110.099
110.379
110.664
110.955
111.25
111.549
111.849
112.151
112.451
112.749
113.042
113.329
113.606
113.872
114.123
114.357
114.569
114.757
114.917
115.044
115.136
115.188
115.196
115.155
115.061
114.911
114.699
114.422
114.077
113.659
113.166
112.595
111.943
111.209
110.391
109.489
108.502
107.433
106.281
105.049
103.741
102.36
100.911
99.3993
97.83
96.2098
94.5453
92.8437
91.1119
89.3571
87.5863
85.8062
84.0227
82.2415
80.4672
78.7037
76.9539
75.2197
73.502
71.8007
70.115
68.4432
66.7831
65.132
63.4873
61.8461
60.2061
58.5654
56.9229
55.2781
53.6316
51.985
50.3407
48.7022
47.0735
45.4595
43.8655
42.2974
40.761
39.2625
37.8078
36.4026
35.052
33.7608
32.533
31.3717
30.2789
29.256
28.303
27.4191
26.6026
25.8509
25.1612
24.5303
23.9567
23.4371
23.0061
22.4645
101.436
101.487
101.534
101.582
101.631
101.681
101.731
101.781
101.832
101.884
101.936
101.988
102.042
102.096
102.15
102.205
102.261
102.318
102.375
102.433
102.492
102.551
102.612
102.673
102.736
102.799
102.863
102.928
102.993
103.06
103.128
103.197
103.267
103.337
103.409
103.482
103.556
103.632
103.708
103.786
103.865
103.945
104.027
104.11
104.195
104.281
104.37
104.46
104.552
104.646
104.743
104.842
104.943
105.047
105.154
105.264
105.378
105.494
105.615
105.739
105.867
106
106.137
106.279
106.426
106.578
106.736
106.899
107.069
107.244
107.426
107.614
107.81
108.011
108.22
108.436
108.659
108.889
109.125
109.369
109.619
109.875
110.136
110.403
110.675
110.95
111.228
111.508
111.789
112.069
112.347
112.621
112.888
113.148
113.398
113.634
113.855
114.058
114.238
114.394
114.521
114.615
114.674
114.693
114.668
114.595
114.47
114.289
114.049
113.745
113.374
112.933
112.419
111.829
111.161
110.414
109.585
108.675
107.684
106.612
105.461
104.232
102.93
101.557
100.117
98.6152
97.057
95.4478
93.7935
92.1002
90.3738
88.6203
86.8452
85.0537
83.2502
81.4384
79.621
77.7999
75.976
74.1493
72.3187
70.4827
68.639
66.7851
64.9184
63.0366
61.1378
59.2212
57.2867
55.3357
53.3709
51.3963
49.4174
47.4408
45.4745
43.5275
41.6092
39.7298
37.8997
36.1288
34.4268
32.8021
31.2623
29.813
28.4585
27.2009
26.0407
24.9768
24.0065
23.1261
22.3308
21.6151
20.9731
20.3985
19.8854
19.428
19.0228
18.6634
18.3885
17.9983
101.469
101.521
101.57
101.618
101.668
101.719
101.77
101.821
101.873
101.926
101.979
102.033
102.087
102.142
102.197
102.254
102.311
102.368
102.426
102.485
102.545
102.606
102.667
102.729
102.792
102.856
102.921
102.987
103.053
103.121
103.189
103.259
103.329
103.401
103.474
103.547
103.622
103.698
103.776
103.855
103.935
104.016
104.099
104.183
104.269
104.357
104.447
104.538
104.632
104.728
104.826
104.926
105.029
105.134
105.243
105.354
105.469
105.587
105.709
105.834
105.963
106.097
106.235
106.377
106.525
106.677
106.835
106.998
107.166
107.341
107.521
107.708
107.9
108.099
108.305
108.516
108.734
108.958
109.189
109.425
109.667
109.914
110.166
110.422
110.682
110.944
111.209
111.474
111.738
112.001
112.261
112.515
112.763
113.001
113.228
113.441
113.638
113.815
113.97
114.099
114.2
114.267
114.299
114.29
114.238
114.138
113.987
113.78
113.515
113.186
112.792
112.329
111.794
111.184
110.498
109.734
108.89
107.966
106.963
105.88
104.719
103.481
102.17
100.788
99.339
97.8268
96.2559
94.6309
92.9565
91.2373
89.478
87.6826
85.855
83.9981
82.1143
80.2051
78.2709
76.3116
74.3262
72.313
70.2699
68.1949
66.0859
63.9417
61.7617
59.5468
57.2993
55.0231
52.7243
50.4106
48.0915
45.7785
43.4844
41.2229
39.0088
36.8566
34.7808
32.7947
30.9097
29.1354
27.4787
25.9441
24.533
23.2447
22.0763
21.023
20.079
19.2375
18.4911
17.8323
17.2534
16.7468
16.3051
15.921
15.588
15.3003
15.055
14.8428
14.7057
14.4459
101.522
101.574
101.623
101.673
101.723
101.774
101.825
101.878
101.93
101.983
102.037
102.092
102.147
102.202
102.258
102.315
102.373
102.431
102.49
102.549
102.609
102.67
102.732
102.795
102.858
102.922
102.987
103.053
103.12
103.188
103.257
103.326
103.397
103.469
103.542
103.616
103.691
103.767
103.845
103.924
104.004
104.086
104.169
104.254
104.34
104.428
104.518
104.61
104.704
104.8
104.898
104.999
105.102
105.208
105.316
105.428
105.543
105.661
105.782
105.907
106.036
106.169
106.307
106.448
106.595
106.746
106.902
107.064
107.23
107.403
107.58
107.764
107.953
108.149
108.35
108.557
108.77
108.988
109.212
109.441
109.675
109.914
110.157
110.403
110.652
110.903
111.155
111.407
111.658
111.906
112.149
112.387
112.617
112.837
113.045
113.238
113.415
113.571
113.704
113.81
113.888
113.932
113.94
113.907
113.831
113.707
113.532
113.302
113.012
112.661
112.244
111.758
111.2
110.569
109.861
109.075
108.21
107.265
106.24
105.134
103.95
102.687
101.349
99.9362
98.4524
96.9002
95.2827
93.603
91.864
90.0685
88.2191
86.3178
84.3659
82.3643
80.3131
78.2119
76.0597
73.8553
71.5974
69.2848
66.9172
64.4952
62.0208
59.4978
56.932
54.3313
51.7061
49.069
46.4345
43.8192
41.2411
38.7186
36.2704
33.9146
31.6673
29.5427
27.5516
25.7017
23.9972
22.4391
21.025
19.7507
18.6096
17.594
16.6955
15.905
15.2136
14.6125
14.093
13.6471
13.2669
12.9448
12.6742
12.4477
12.2604
12.1091
11.9919
11.8965
11.8644
11.6992
101.582
101.634
101.684
101.733
101.784
101.836
101.888
101.941
101.994
102.047
102.102
102.156
102.212
102.268
102.324
102.381
102.439
102.497
102.556
102.615
102.675
102.736
102.797
102.86
102.923
102.987
103.051
103.117
103.183
103.25
103.318
103.388
103.458
103.529
103.601
103.674
103.749
103.824
103.901
103.979
104.059
104.14
104.222
104.306
104.391
104.478
104.567
104.658
104.751
104.846
104.943
105.042
105.144
105.249
105.356
105.466
105.579
105.695
105.815
105.938
106.065
106.196
106.331
106.47
106.614
106.763
106.916
107.074
107.237
107.406
107.579
107.759
107.943
108.133
108.329
108.53
108.736
108.948
109.164
109.386
109.611
109.841
110.074
110.31
110.548
110.788
111.027
111.266
111.503
111.737
111.965
112.187
112.401
112.603
112.793
112.968
113.125
113.261
113.373
113.458
113.514
113.536
113.521
113.465
113.365
113.217
113.017
112.761
112.446
112.069
111.625
111.112
110.526
109.865
109.127
108.309
107.41
106.429
105.364
104.215
102.983
101.667
100.268
98.7873
97.2254
95.5838
93.8634
92.0655
90.1909
88.2402
86.2138
84.1117
81.9338
79.6797
77.3489
74.9414
72.4573
69.8979
67.2654
64.5637
61.7986
58.9781
56.1125
53.2147
50.2999
47.3858
44.4919
41.6392
38.8492
36.1434
33.5423
31.0645
28.7254
26.5374
24.5088
22.6438
20.943
19.4037
18.0203
16.7853
15.6896
14.7232
13.8761
13.1378
12.4985
11.9486
11.4792
11.0819
10.7491
10.4736
10.2486
10.0669
9.92447
9.81997
9.7484
9.70168
9.67683
9.65735
9.69516
9.58757
101.646
101.697
101.746
101.795
101.845
101.896
101.948
102
102.053
102.106
102.16
102.214
102.269
102.324
102.38
102.436
102.493
102.55
102.608
102.667
102.726
102.786
102.847
102.908
102.97
103.032
103.096
103.16
103.225
103.29
103.357
103.425
103.493
103.562
103.633
103.704
103.777
103.85
103.925
104.001
104.078
104.157
104.237
104.318
104.401
104.486
104.572
104.66
104.75
104.842
104.936
105.032
105.131
105.232
105.336
105.442
105.552
105.664
105.78
105.899
106.021
106.147
106.278
106.412
106.551
106.694
106.841
106.994
107.151
107.313
107.48
107.652
107.83
108.012
108.2
108.392
108.59
108.792
108.999
109.21
109.425
109.643
109.864
110.088
110.313
110.539
110.764
110.988
111.21
111.427
111.639
111.843
112.038
112.222
112.392
112.546
112.681
112.795
112.884
112.945
112.976
112.972
112.93
112.846
112.717
112.539
112.308
112.019
111.67
111.256
110.773
110.218
109.589
108.88
108.09
107.215
106.254
105.204
104.063
102.829
101.501
100.078
98.5585
96.9415
95.2264
93.4124
91.4989
89.4853
87.371
85.1557
82.8395
80.4227
77.9063
75.2923
72.5838
69.7852
66.9027
63.9445
60.9211
57.8451
54.7318
51.5988
48.4657
45.354
42.2862
39.2856
36.3751
33.5763
30.9089
28.3895
26.0313
23.8435
21.8309
19.9949
18.3328
16.8391
15.5059
14.3235
13.2813
12.368
11.5722
10.8831
10.2901
9.78354
9.35439
8.99445
8.69628
8.45309
8.25861
8.10703
7.99257
7.91536
7.87107
7.85426
7.86018
7.88241
7.91867
7.94898
8.02681
7.94593
101.692
101.743
101.791
101.84
101.89
101.941
101.992
102.044
102.096
102.148
102.201
102.254
102.307
102.361
102.415
102.47
102.525
102.58
102.636
102.693
102.75
102.807
102.865
102.924
102.983
103.042
103.103
103.164
103.226
103.288
103.352
103.416
103.48
103.546
103.613
103.68
103.748
103.818
103.888
103.96
104.032
104.106
104.181
104.258
104.336
104.415
104.496
104.578
104.662
104.748
104.836
104.926
105.018
105.112
105.209
105.308
105.41
105.515
105.623
105.733
105.848
105.965
106.087
106.212
106.341
106.474
106.612
106.754
106.901
107.052
107.208
107.368
107.534
107.703
107.878
108.057
108.241
108.429
108.621
108.817
109.016
109.217
109.422
109.627
109.834
110.041
110.246
110.45
110.65
110.844
111.033
111.213
111.383
111.54
111.683
111.808
111.913
111.996
112.052
112.079
112.074
112.032
111.949
111.823
111.649
111.422
111.139
110.795
110.386
109.907
109.355
108.724
108.011
107.211
106.321
105.337
104.254
103.07
101.781
100.383
98.8746
97.2523
95.514
93.6576
91.6816
89.5849
87.3671
85.0286
82.5704
79.9947
77.3052
74.5067
71.6058
68.611
65.5327
62.3833
59.1776
55.9322
52.6659
49.3991
46.154
42.9531
39.8197
36.7765
33.8451
31.0453
28.3942
25.9055
23.5897
21.4528
19.4975
17.7224
16.1232
14.6926
13.4215
12.2991
11.3139
10.4541
9.70797
9.06421
8.51224
8.0423
7.64554
7.314
7.04056
6.81889
6.6433
6.50862
6.40979
6.34385
6.3104
6.30477
6.32311
6.36151
6.41616
6.48132
6.55547
6.61546
6.71553
6.63864
101.717
101.764
101.809
101.855
101.902
101.95
101.998
102.047
102.096
102.146
102.195
102.245
102.296
102.346
102.397
102.448
102.499
102.551
102.602
102.654
102.707
102.76
102.813
102.866
102.92
102.974
103.029
103.084
103.139
103.195
103.252
103.309
103.367
103.425
103.484
103.543
103.603
103.664
103.726
103.788
103.851
103.915
103.981
104.047
104.114
104.182
104.252
104.323
104.395
104.469
104.544
104.621
104.7
104.781
104.864
104.949
105.036
105.125
105.217
105.312
105.41
105.511
105.615
105.723
105.834
105.949
106.067
106.19
106.316
106.447
106.582
106.72
106.863
107.01
107.162
107.316
107.475
107.637
107.803
107.971
108.142
108.315
108.489
108.663
108.838
109.011
109.182
109.349
109.512
109.668
109.816
109.953
110.079
110.19
110.283
110.357
110.409
110.434
110.43
110.393
110.32
110.205
110.046
109.837
109.575
109.254
108.869
108.415
107.888
107.282
106.591
105.811
104.937
103.963
102.884
101.696
100.395
98.9759
97.4353
95.7698
93.977
92.0549
90.0022
87.8188
85.5054
83.0639
80.4977
77.8112
75.0106
72.1038
69.1004
66.0116
62.8506
59.6325
56.374
53.0933
49.8102
46.5454
43.3205
40.157
37.0765
34.0994
31.245
28.5303
25.9697
23.5745
21.3528
19.309
17.4441
15.7556
14.2384
12.8846
11.6848
10.6279
9.70254
8.89676
8.19894
7.59795
7.08337
6.64566
6.2762
5.96732
5.71224
5.50505
5.34056
5.21417
5.12178
5.05939
5.02542
5.01841
5.03529
5.07305
5.12883
5.19959
5.28228
5.37157
5.46659
5.54145
5.65157
5.56123
101.674
101.717
101.759
101.802
101.845
101.889
101.932
101.975
102.017
102.06
102.102
102.144
102.186
102.227
102.269
102.31
102.351
102.393
102.433
102.474
102.515
102.556
102.596
102.637
102.678
102.718
102.758
102.799
102.839
102.88
102.92
102.961
103.001
103.042
103.083
103.124
103.165
103.206
103.247
103.289
103.331
103.373
103.415
103.458
103.502
103.546
103.59
103.636
103.681
103.728
103.776
103.824
103.874
103.925
103.977
104.03
104.085
104.141
104.2
104.259
104.322
104.386
104.452
104.522
104.594
104.668
104.746
104.826
104.909
104.995
105.084
105.176
105.271
105.368
105.468
105.571
105.676
105.782
105.891
106
106.11
106.22
106.33
106.437
106.543
106.644
106.741
106.831
106.913
106.986
107.047
107.094
107.125
107.137
107.127
107.093
107.031
106.937
106.808
106.64
106.428
106.167
105.855
105.484
105.051
104.551
103.977
103.325
102.59
101.765
100.846
99.8277
98.7053
97.474
96.1297
94.6687
93.088
91.3849
89.5574
87.6045
85.5263
83.3236
80.9984
78.5539
75.9948
73.3267
70.5571
67.6946
64.7495
61.7336
58.6604
55.5444
52.4019
49.2502
46.1076
42.9932
39.9264
36.9267
34.0132
31.2039
28.5157
25.9632
23.5591
21.3131
19.2319
17.319
15.5751
13.9974
12.581
11.3182
10.2
9.21599
8.35512
7.6061
6.95781
6.39962
5.92156
5.51454
5.17034
4.88168
4.64214
4.44617
4.28896
4.16638
4.07487
4.01126
3.97254
3.95742
3.96481
3.99236
4.03798
4.09957
4.17499
4.26184
4.35759
4.45723
4.56046
4.63915
4.75049
4.63286
101.441
101.462
101.485
101.511
101.536
101.56
101.584
101.607
101.629
101.65
101.67
101.689
101.707
101.724
101.74
101.755
101.769
101.781
101.793
101.803
101.812
101.82
101.827
101.833
101.837
101.841
101.843
101.844
101.844
101.843
101.84
101.837
101.832
101.826
101.819
101.81
101.801
101.79
101.779
101.766
101.752
101.737
101.721
101.704
101.686
101.667
101.647
101.626
101.605
101.582
101.559
101.536
101.511
101.486
101.461
101.435
101.409
101.383
101.356
101.33
101.303
101.277
101.251
101.225
101.201
101.176
101.153
101.129
101.107
101.085
101.064
101.043
101.022
101.002
100.982
100.962
100.942
100.92
100.898
100.874
100.848
100.819
100.787
100.75
100.707
100.658
100.601
100.534
100.457
100.366
100.261
100.138
99.9966
99.8329
99.6443
99.4279
99.1804
98.8983
98.578
98.2158
97.8075
97.349
96.8358
96.2636
95.6279
94.924
94.1471
93.2929
92.3566
91.3338
90.2202
89.012
87.7054
86.2973
84.7847
83.1656
81.4388
79.6029
77.6579
75.6047
73.4452
71.1822
68.8198
66.3631
63.8186
61.1941
58.4987
55.743
52.9384
50.0984
47.2371
44.3698
41.5127
38.6828
35.8971
33.173
30.5272
27.9759
25.534
23.2145
21.0288
18.9857
17.0912
15.3488
13.7592
12.3204
11.0277
9.87486
8.85362
7.95463
7.16791
6.48313
5.89013
5.37908
4.94081
4.56685
4.24961
3.98232
3.75906
3.57468
3.42476
3.30552
3.21376
3.14676
3.10222
3.0779
3.0726
3.08574
3.11571
3.16094
3.22001
3.29138
3.37346
3.46426
3.56171
3.66103
3.76248
3.8363
3.94212
3.78602
100.398
100.355
100.317
100.278
100.235
100.186
100.135
100.079
100.021
99.9584
99.8927
99.8236
99.7511
99.6751
99.5958
99.5131
99.427
99.3375
99.2446
99.1483
99.0486
98.9454
98.8389
98.7289
98.6156
98.4987
98.3785
98.2549
98.1278
97.9973
97.8634
97.726
97.5853
97.4412
97.2937
97.1428
96.9886
96.8311
96.6703
96.5062
96.339
96.1685
95.9949
95.8182
95.6386
95.4559
95.2705
95.0822
94.8913
94.6977
94.5017
94.3033
94.1027
93.9
93.6954
93.489
93.2809
93.0714
92.8605
92.6485
92.4357
92.2224
92.0091
91.7959
91.5829
91.3703
91.1584
90.9473
90.7372
90.5284
90.3211
90.1153
89.9113
89.7091
89.5087
89.3103
89.1137
88.9188
88.7255
88.5335
88.3424
88.1518
87.961
87.7695
87.5764
87.3806
87.1812
86.9767
86.7657
86.5466
86.3175
86.0764
85.8211
85.549
85.2576
84.944
84.6049
84.2371
83.8371
83.4014
82.926
82.4069
81.8401
81.2214
80.5465
79.8111
79.0107
78.1416
77.1993
76.18
75.0799
73.8959
72.6248
71.2643
69.8123
68.2677
66.6302
64.8994
63.0765
61.1636
59.1637
57.0809
54.9204
52.6886
50.3932
48.0428
45.6476
43.2186
40.7678
38.3086
35.8546
33.4205
31.021
28.6711
26.3852
24.1775
22.061
20.0474
18.1466
16.3668
14.7137
13.1908
11.7992
10.5376
9.40267
8.38918
7.49037
6.69838
6.00465
5.40024
4.87625
4.42405
4.03554
3.70321
3.42028
3.18072
2.97923
2.81121
2.67274
2.56046
2.47153
2.40354
2.35452
2.32278
2.3069
2.30558
2.31884
2.34553
2.38465
2.43513
2.49603
2.56618
2.64441
2.72902
2.81835
2.90787
2.99847
3.05948
3.15379
2.95201
94.3529
94.0531
93.767
93.4762
93.1752
92.8662
92.5511
92.2303
91.904
91.5722
91.2353
90.8935
90.547
90.1961
89.8409
89.4818
89.1188
88.7522
88.3823
88.0092
87.6332
87.2544
86.873
86.4894
86.1036
85.7159
85.3265
84.9356
84.5434
84.1501
83.756
83.3612
82.966
82.5706
82.1751
81.7798
81.385
80.9908
80.5975
80.2053
79.8145
79.4252
79.0378
78.6524
78.2693
77.8888
77.5112
77.1367
76.7655
76.3979
76.0342
75.6747
75.3196
74.9692
74.6239
74.2837
73.9491
73.6202
73.2973
72.9805
72.67
72.3663
72.0697
71.7802
71.4979
71.2228
70.955
70.6947
70.4421
70.1971
69.9598
69.7303
69.5084
69.2942
69.0874
68.888
68.6956
68.5099
68.3305
68.157
67.9887
67.825
67.665
67.5079
67.3526
67.198
67.0427
66.8853
66.7242
66.5576
66.3837
66.2002
66.005
65.7956
65.5694
65.3237
65.0553
64.7611
64.4381
64.0829
63.6919
63.2615
62.7882
62.2684
61.6983
61.0742
60.3926
59.6504
58.844
57.9704
57.0269
56.0114
54.9217
53.7568
52.5154
51.198
49.8051
48.3377
46.7979
45.1889
43.5147
41.7802
39.9913
38.1549
36.2788
34.3718
32.4436
30.5044
28.5652
26.638
24.7341
22.8659
21.0448
19.2826
17.5896
15.9758
14.4495
13.0176
11.6852
10.4558
9.33055
8.3092
7.38931
6.56724
5.8377
5.19472
4.63139
4.14066
3.71523
3.34806
3.03245
2.76219
2.53166
2.33586
2.17036
2.03133
1.9155
1.82008
1.74275
1.68154
1.63483
1.60124
1.5797
1.56923
1.56896
1.57891
1.59858
1.62722
1.66428
1.709
1.76083
1.81884
1.88224
1.94957
2.01963
2.08826
2.15712
2.19609
2.27157
2.03161
72.2033
71.5271
70.8887
70.2564
69.6232
68.9934
68.3696
67.752
67.1409
66.5362
65.9382
65.3471
64.763
64.1859
63.616
63.0533
62.4979
61.9498
61.409
60.8757
60.3498
59.8314
59.3204
58.817
58.321
57.8327
57.3518
56.8786
56.4129
55.9548
55.5043
55.0614
54.6261
54.1984
53.7784
53.366
52.9614
52.5644
52.1751
51.7935
51.4196
51.0536
50.6953
50.3449
50.0023
49.6676
49.3408
49.022
48.7111
48.4083
48.1135
47.8268
47.5483
47.2779
47.0156
46.7616
46.5158
46.2781
46.0487
45.8273
45.6133
45.4055
45.2044
45.0099
44.822
44.6406
44.4658
44.2976
44.1362
43.9814
43.8332
43.6915
43.5562
43.4271
43.3041
43.1869
43.0752
42.9687
42.867
42.7695
42.6759
42.5855
42.4975
42.4113
42.3261
42.2407
42.1543
42.0656
41.9734
41.8763
41.7729
41.6615
41.5404
41.4078
41.2618
41.1001
40.9207
40.7211
40.499
40.2522
39.9779
39.6736
39.3368
38.965
38.5557
38.1063
37.6144
37.0781
36.4953
35.864
35.1828
34.4505
33.6664
32.8302
31.942
31.0026
30.0134
28.9761
27.8932
26.7678
25.604
24.4063
23.18
21.931
20.6658
19.3915
18.1157
16.8464
15.5915
14.3595
13.1587
11.9969
10.8817
9.81991
8.81757
7.87965
7.00987
6.21068
5.48308
4.82675
4.23998
3.71995
3.26281
2.86401
2.51843
2.22081
1.96579
1.74822
1.56328
1.40653
1.27404
1.16233
1.06842
0.989763
0.924211
0.869962
0.825538
0.789714
0.761508
0.740103
0.724865
0.715233
0.710805
0.711199
0.716446
0.726343
0.740621
0.758836
0.780844
0.806131
0.834564
0.865425
0.89847
0.932543
0.967273
0.999456
1.03153
1.04072
1.08232
0.884428
6.3658
7.45158
8.45729
9.28541
10.0802
10.8891
11.7077
12.5354
13.3763
14.2327
15.1056
15.996
16.9061
17.8394
18.8006
19.7965
20.8359
21.9281
23.0892
24.327
25.6904
27.119
28.9337
30.337
35.0725
9.15687
10.1846
11.1987
12.1102
13.0204
13.9594
14.9198
15.8995
16.9014
17.9278
18.9805
20.0624
21.1782
22.3348
23.5411
24.8086
26.1515
27.5852
29.1328
30.8047
32.6649
34.6469
37.1261
39.2142
44.56
10.9613
11.9008
12.8777
13.8011
14.7332
15.6944
16.6781
17.6821
18.7084
19.7589
20.8361
21.944
23.0891
24.2801
25.5284
26.8479
28.2554
29.7692
31.4157
33.2103
35.2194
37.3806
40.0668
42.4185
47.8093
12.4461
13.3216
14.2548
15.1656
16.0901
17.0414
18.0133
19.0035
20.0132
21.0446
22.1009
23.1873
24.3117
25.4845
26.7183
28.0286
29.4335
30.9524
32.6132
34.4321
36.4783
38.6876
41.4376
43.8619
49.1812
13.8019
14.626
15.5135
16.3993
17.3021
18.2286
19.1729
20.1324
21.1084
22.1035
23.1219
24.1703
25.2578
26.3962
27.5992
28.8832
30.2671
31.7708
33.423
35.2395
37.2921
39.5114
42.285
44.7229
49.9606
15.0988
15.8764
16.7161
17.5674
18.4382
19.3298
20.2365
21.1557
22.0889
23.0395
24.0128
25.017
26.0622
27.1614
28.3294
29.5827
30.9411
32.4244
34.0618
35.8682
37.918
40.135
42.9188
45.3499
50.5137
16.3691
17.1008
17.8901
18.699
19.5288
20.3775
21.2391
22.1116
22.9967
23.8986
24.8239
25.7819
26.7841
27.8439
28.9769
30.2
31.5329
32.9956
34.6175
36.4122
38.4566
40.6673
43.456
45.8726
50.9724
17.6292
18.3132
19.0488
19.8084
20.5899
21.3888
22.1998
23.0209
23.8546
24.7059
25.5827
26.4951
27.4553
28.4777
29.5777
30.7727
32.0822
33.5259
35.1334
36.917
38.9558
41.1592
43.9507
46.3498
51.3949
18.8868
19.5203
20.1991
20.9035
21.6303
22.3741
23.1299
23.8965
24.677
25.4774
26.3064
27.175
28.0958
29.0834
30.1536
31.3233
32.612
34.039
35.634
37.4081
39.4419
41.6382
44.4314
46.8123
51.8106
20.1467
20.7258
21.3441
21.9882
22.6553
23.3395
24.0369
24.7471
25.4739
26.2242
27.0073
27.8345
28.719
29.6752
30.7187
31.8662
33.137
34.5499
36.1345
37.9005
39.9303
42.1202
44.9148
47.2777
52.236
21.4096
21.9299
22.4842
23.064
23.6672
24.2889
24.9259
25.579
26.2527
26.9544
27.694
28.483
29.3344
30.2626
31.2827
32.4112
33.667
35.0682
36.6446
38.4039
40.4307
42.6152
45.411
47.7567
52.6804
22.6726
23.1302
23.6176
24.1299
24.6667
25.224
25.8
26.3964
27.0184
27.674
28.3731
29.1272
29.9491
30.8526
31.8527
32.9652
34.2085
35.6005
37.1701
38.9245
40.9493
43.1294
45.926
48.2558
53.1495
23.9294
24.3215
24.7402
25.1834
25.6527
26.1454
26.661
27.2023
27.7752
28.3876
29.0495
29.7723
30.568
31.4503
32.4334
33.5327
34.7661
36.1505
37.7151
39.466
41.4898
43.6666
46.4638
48.7792
53.6466
25.1707
25.4963
25.8461
26.2206
26.623
27.0524
27.5098
27.9989
28.5257
29.0985
29.727
30.4219
31.1951
32.0592
33.0282
34.1168
35.3422
36.7209
38.2821
40.0307
42.0545
44.2288
47.0265
49.329
54.1733
26.3854
26.6455
26.9285
27.2365
27.5748
27.9441
28.3468
28.7873
29.2721
29.8093
30.4082
31.079
31.8328
32.6819
33.6394
34.7193
35.9384
37.313
38.8722
40.6199
42.6443
44.8171
47.6151
49.9063
54.7304
27.5615
27.7598
27.9802
28.2264
28.5052
28.8192
29.172
29.5688
30.0161
30.522
31.0952
31.7454
32.4831
33.3199
34.268
35.3408
36.5554
37.9276
39.486
41.2338
43.2594
45.4317
48.2297
50.5111
55.318
28.6881
28.8305
28.9949
29.1858
29.4117
29.6768
29.9857
30.3442
30.7592
31.2382
31.7896
32.4227
33.1473
33.9738
34.9142
35.9819
37.1936
38.5646
40.1233
41.8722
43.8995
46.0719
48.8698
51.1428
55.9359
29.7573
29.8516
29.9682
30.1122
30.2933
30.5169
30.7886
31.115
31.5028
31.9594
32.4929
33.1121
33.8257
34.6437
35.5783
36.6426
37.8528
39.2238
40.7836
42.5342
44.5638
46.737
49.5346
51.8002
56.583
30.7686
30.8249
30.9041
31.0119
31.1583
31.35
31.5933
31.8952
32.2626
32.7028
33.2237
33.8332
34.5397
35.3537
36.2869
37.3521
38.5651
39.9406
41.5062
43.2638
45.3008
47.4809
50.2842
52.5493
57.3331
31.7183
31.7461
31.7979
31.8792
32.0004
32.1689
32.3916
32.6759
33.0289
33.4581
33.9709
34.5749
35.2786
36.0924
37.0278
38.0975
39.3169
40.7006
42.276
44.0444
46.0929
48.2846
51.0974
53.3681
58.1549
32.6077
32.6141
32.6457
32.7081
32.8114
32.9635
33.1716
33.4433
33.7862
34.2077
34.7152
35.3158
36.0184
36.8334
37.7722
38.8471
40.0736
41.4659
43.0511
44.8306
46.8903
49.0934
51.915
54.1925
58.9805
33.4445
33.4354
33.453
33.5027
33.5945
33.7359
33.9347
34.1985
34.5351
34.9519
35.4563
36.0554
36.7585
37.5757
38.5187
39.5995
40.8334
42.2346
43.8298
45.6202
47.691
49.9052
52.7352
55.02
59.8083
34.2376
34.2174
34.2257
34.2678
34.3529
34.4886
34.6825
34.9424
35.2759
35.6907
36.1936
36.7928
37.4976
38.3181
39.2659
40.353
41.5946
43.0047
44.6098
46.411
48.4923
50.7175
53.555
55.8468
60.6348
34.9955
34.9673
34.9697
35.0076
35.0899
35.2236
35.4163
35.6753
36.0085
36.4232
36.9263
37.5268
38.2342
39.0586
40.0116
41.1052
42.3544
43.7734
45.3882
47.1996
49.2904
51.5255
54.3696
56.6687
61.4567
35.7256
35.6913
35.6899
35.7261
35.8081
35.9426
36.1367
36.3975
36.7325
37.148
37.6527
38.2556
38.9662
39.795
40.7534
41.8534
43.1101
44.5377
46.1612
47.9817
50.081
52.3255
55.1753
57.4819
62.27
36.4332
36.3939
36.3898
36.4257
36.5091
36.6463
36.8438
37.1083
37.4456
37.8635
38.3709
38.9769
39.6914
40.5247
41.4884
42.5947
43.8585
45.2937
46.9249
48.7536
50.8606
53.1136
55.9679
58.2821
63.0701
37.1215
37.0775
37.0711
37.1074
37.1931
37.3341
37.5364
37.8047
38.1455
38.5671
39.0781
39.688
40.4066
41.2446
42.2135
43.3257
44.5959
46.0376
47.6756
49.5115
51.6248
53.8852
56.743
59.0646
63.8515
37.7864
37.737
37.728
37.7643
37.8522
37.9972
38.203
38.4749
38.8198
39.2453
39.7602
40.3736
41.0958
41.9375
42.9104
44.0268
45.301
46.7469
48.3891
50.2294
52.3458
54.6106
57.4682
59.7951
64.5766
38.4309
38.376
38.3642
38.4007
38.4906
38.6372
38.8458
39.1218
39.4711
39.9011
40.4199
41.0367
41.7618
42.6061
43.5814
44.7001
45.9764
47.4241
49.0677
50.9095
53.026
55.2924
58.1466
60.4767
65.2519
39.0573
38.9972
38.9833
39.0194
39.109
39.2574
39.4698
39.7508
40.1059
40.5414
41.065
41.6858
42.414
43.2607
44.2377
45.3576
46.6348
48.0828
49.7262
51.5677
53.6822
55.9484
58.7973
61.1299
65.8991
39.6586
39.5942
39.5767
39.6108
39.7007
39.8517
40.0687
40.356
40.718
41.1604
41.6902
42.3159
43.0476
43.8965
44.8747
45.9948
47.2715
48.7182
50.3593
52.1983
54.3085
56.5725
59.4137
61.7482
66.511
40.2242
40.1538
40.1329
40.1662
40.2575
40.4121
40.6348
40.9294
41.2999
41.7508
42.2882
42.9202
43.6563
44.5076
45.4866
46.606
47.8807
49.3243
50.9609
52.795
54.8983
57.158
59.9887
62.3243
67.0803
40.7396
40.6645
40.6418
40.6757
40.7695
40.9288
41.1581
41.4613
41.8417
42.3028
42.8499
43.4898
44.2316
45.0863
46.066
47.1839
48.4552
49.894
51.5238
53.3504
55.4439
57.6967
60.5142
62.85
67.5982
41.1908
41.1128
41.0903
41.1264
41.2243
41.3893
41.6264
41.9392
42.3308
42.804
43.3628
44.0129
44.7624
45.6216
46.6026
47.7188
48.9856
50.4178
52.0384
53.8549
55.9358
58.1792
60.9805
63.3157
68.0547
41.5757
41.4988
41.4801
41.5211
41.6247
41.797
42.043
42.3667
42.7708
43.2578
43.8306
44.4935
45.253
46.1184
47.1013
48.2151
49.4755
50.8981
52.5059
54.3079
56.3712
58.6009
61.3809
63.7129
68.4386
41.8117
41.7398
41.7301
41.7807
41.8948
42.0788
42.338
42.6765
43.0972
43.6024
44.1944
44.8759
45.6517
46.5293
47.5193
48.6346
49.8911
51.3052
52.9008
54.688
56.7325
58.9471
61.7047
64.0327
68.7523
41.8295
41.7685
41.7739
41.8397
41.9692
42.1697
42.4465
42.8037
43.2446
43.7718
44.3872
45.0927
45.8915
46.7891
47.7942
48.9185
50.1777
51.5887
53.1761
54.9523
56.9814
59.1835
61.9216
64.248
68.9712
41.5603
41.5183
41.5471
41.6346
41.7856
42.0083
42.3078
42.6882
43.1533
43.7059
44.3484
45.0824
45.9102
46.8356
47.8653
49.0091
50.2813
51.6988
53.2865
55.0591
57.0797
59.2761
62.0009
64.3318
69.0707
40.8984
40.8864
40.949
41.0669
41.2474
41.4998
41.8289
42.2386
42.733
43.3157
43.9893
44.7561
45.6185
46.5797
47.6444
48.8206
50.1206
51.56
53.1633
54.9465
56.9719
59.175
61.8988
64.2458
69.0179
39.6912
39.7227
39.8313
39.9903
40.2106
40.5029
40.8714
41.3196
41.8519
42.4723
43.1841
43.9905
44.8947
45.9001
47.0114
48.2352
49.5819
51.0651
52.7073
54.5251
56.5788
58.8111
61.5553
63.9386
68.7685
37.755
37.8451
38.0133
38.2266
38.5008
38.8473
39.2696
39.771
40.3556
41.0277
41.7912
42.6498
43.6079
44.6699
45.8413
47.1291
48.5428
50.0948
51.8053
53.6896
55.8049
58.0998
60.897
63.3474
68.2679
34.9565
35.1239
35.3696
35.656
36.0041
36.4257
36.923
37.4988
38.1573
38.9025
39.7384
40.6692
41.6999
42.8359
44.0837
45.4515
46.9497
48.5907
50.3936
52.3733
54.5829
56.9754
59.8624
62.4164
67.4637
31.3462
31.616
31.9627
32.347
32.7941
33.3152
33.9114
34.5852
35.3405
36.1813
37.1117
38.1358
39.2589
40.4871
41.8274
43.289
44.883
46.6233
48.5293
50.6167
52.9365
55.4464
58.4469
61.1315
66.3326
27.1995
27.5936
28.0607
28.5628
29.1279
29.766
30.4775
31.2648
32.1319
33.0829
34.1215
35.2524
36.4807
37.8126
39.2555
40.8185
42.5136
44.3552
46.3636
48.5561
50.9833
53.6084
56.7238
59.5434
64.9046
22.648
23.1662
23.7582
24.3865
25.0784
25.8414
26.6753
27.5826
28.5677
29.6346
30.7874
32.0305
33.3693
34.8099
36.3593
38.0268
39.8239
41.7656
43.8722
46.1627
48.6875
51.4158
54.6347
57.5785
63.0967
18.3361
18.9943
19.7094
20.4553
21.2606
22.1323
23.071
24.0807
25.1661
26.3317
27.5814
28.9198
30.3521
31.8843
33.5229
35.2769
37.1572
39.1787
41.3614
43.7248
46.3193
49.1183
52.4075
55.435
61.0687
14.8584
15.5988
16.3903
17.2154
18.101
19.0511
20.0672
21.1535
22.3149
23.5556
24.8794
26.2908
27.7943
29.3961
31.1017
32.9199
34.8609
36.9392
39.1742
41.5855
44.2231
47.0624
50.3908
53.4611
59.1697
12.1397
12.9192
13.7472
14.6159
15.5494
16.5488
17.6152
18.7528
19.9657
21.258
22.6327
24.094
25.6459
27.2944
29.0441
30.9035
32.8821
34.994
37.2578
39.6931
42.3494
45.2024
48.543
51.6229
57.3789
10.0264
10.8195
11.6581
12.5452
13.5023
14.5276
15.6219
16.7888
18.0317
19.3541
20.7582
22.2479
23.8265
25.4998
27.2714
29.1497
31.1432
33.266
35.5355
37.9712
40.6218
43.4627
46.7888
49.8472
55.6272
8.36627
9.16025
9.99496
10.8841
11.8476
12.8814
13.9857
15.1636
16.4176
17.7508
19.1647
20.6627
22.2475
23.9246
25.6968
27.5722
29.5582
31.6687
33.9201
36.3311
38.9497
41.7502
45.0316
48.0343
53.8124
7.0324
7.82226
8.64558
9.52617
10.4834
11.5116
12.6107
13.7832
15.0312
16.3572
17.7621
19.2488
20.8195
22.4795
24.2302
26.0797
28.0342
30.1068
32.3126
34.6694
37.2238
39.948
43.1453
46.0475
51.7892
5.92516
6.70973
7.51746
8.3811
9.32102
10.3308
11.4098
12.5608
13.7852
15.0854
16.4614
17.9159
19.4501
21.0691
22.7729
24.5691
26.462
28.4642
30.5882
32.8506
35.2956
37.8923
40.9483
43.6837
49.3385
4.96677
5.74586
6.53388
7.37129
8.28148
9.25783
10.2999
11.4105
12.5906
13.8425
15.1651
16.5609
18.0296
19.5759
21.1979
22.9022
24.6906
26.5742
28.5623
30.669
32.9352
35.3255
38.1527
40.6206
46.1126
4.09243
4.86378
5.62407
6.42097
7.28336
8.20527
9.18657
10.23
11.3363
12.5071
13.74
15.0369
16.3953
17.8193
19.3037
20.8541
22.4683
24.1555
25.9204
27.7749
29.7553
31.8211
34.2928
36.3516
41.5695
3.23583
3.98848
4.70143
5.43043
6.21286
7.04372
7.92321
8.85343
9.83438
10.8663
11.9455
13.0718
14.2406
15.4541
16.7041
17.9941
19.3187
20.6851
22.095
23.5583
25.1096
26.704
28.6696
30.1682
34.9323
2.29421
2.98627
3.59891
4.19832
4.83185
5.49493
6.18776
6.91028
7.66204
8.44036
9.24113
10.0615
10.8972
11.7479
12.6066
13.4755
14.3512
15.2405
16.1472
17.0801
18.0735
19.0811
20.4102
21.2632
25.1811
1.07725
1.56045
1.93369
2.26835
2.61386
2.96473
3.32342
3.68669
4.05808
4.43132
4.80928
5.18571
5.56539
5.94313
6.32198
6.69922
7.07971
7.46325
7.85836
8.26417
8.70818
9.14828
9.79938
10.0764
12.5195
)
;

boundaryField
{
    inlet
    {
        type            calculated;
        value           uniform 100;
    }
    outlet
    {
        type            calculated;
        value           nonuniform List<scalar> 
57
(
35.0725
44.56
47.8093
49.1812
49.9606
50.5137
50.9724
51.3949
51.8106
52.236
52.6804
53.1495
53.6466
54.1733
54.7304
55.318
55.9359
56.583
57.3331
58.1549
58.9805
59.8083
60.6348
61.4567
62.27
63.0701
63.8515
64.5766
65.2519
65.8991
66.511
67.0803
67.5982
68.0547
68.4386
68.7523
68.9712
69.0707
69.0179
68.7685
68.2679
67.4637
66.3326
64.9046
63.0967
61.0687
59.1697
57.3789
55.6272
53.8124
51.7892
49.3385
46.1126
41.5695
34.9323
25.1811
12.5195
)
;
    }
    upperWall
    {
        type            calculated;
        value           uniform 0;
    }
    lowerWall
    {
        type            calculated;
        value           uniform 0;
    }
    frontAndBack
    {
        type            empty;
    }
}


// ************************************************************************* //
