/*--------------------------------*- C++ -*----------------------------------*\
| =========                 |                                                 |
| \\      /  F ield         | OpenFOAM: The Open Source CFD Toolbox           |
|  \\    /   O peration     | Version:  2.3.1                                 |
|   \\  /    A nd           | Web:      www.OpenFOAM.org                      |
|    \\/     M anipulation  |                                                 |
\*---------------------------------------------------------------------------*/
FoamFile
{
    version     2.0;
    format      ascii;
    class       volScalarField;
    location    "250";
    object      UpointU;
}
// * * * * * * * * * * * * * * * * * * * * * * * * * * * * * * * * * * * * * //

dimensions      [0 2 -2 0 0 0 0];

internalField   nonuniform List<scalar> 
12225
(
98.3525
95.3716
91.1578
86.9898
83.2553
79.8975
76.8525
74.0862
71.5702
69.2768
67.1804
65.2586
63.4916
61.8613
60.3497
58.9356
57.5202
56.3783
100.869
100.628
99.8674
98.9071
97.9442
96.9581
95.9312
94.875
93.8051
92.7331
91.6673
90.614
89.5776
88.5602
87.5615
86.5801
85.637
84.8134
99.8576
100.039
100.343
100.468
100.514
100.5
100.422
100.29
100.119
99.9153
99.6856
99.4338
99.1631
98.8756
98.5728
98.259
97.9547
97.6566
99.9988
100.243
100.605
100.802
100.931
101.033
101.106
101.153
101.18
101.191
101.188
101.17
101.14
101.097
101.043
100.983
100.93
100.882
100.045
100.283
100.591
100.785
100.932
101.065
101.181
101.277
101.359
101.427
101.484
101.529
101.564
101.589
101.606
101.618
101.632
101.641
100.05
100.258
100.526
100.722
100.88
101.023
101.15
101.26
101.357
101.442
101.516
101.581
101.637
101.684
101.725
101.761
101.795
101.826
100.042
100.216
100.452
100.644
100.803
100.948
101.078
101.194
101.297
101.389
101.471
101.545
101.61
101.668
101.72
101.767
101.81
101.848
100.037
100.185
100.392
100.574
100.731
100.874
101.005
101.122
101.228
101.323
101.41
101.487
101.557
101.621
101.678
101.73
101.777
101.821
100.032
100.16
100.343
100.514
100.665
100.806
100.935
101.053
101.16
101.258
101.347
101.427
101.501
101.568
101.629
101.685
101.735
101.783
100.028
100.137
100.295
100.453
100.597
100.733
100.86
100.976
101.084
101.183
101.274
101.357
101.434
101.504
101.569
101.628
101.683
101.735
100.025
100.115
100.252
100.394
100.53
100.659
100.781
100.896
101.003
101.102
101.194
101.28
101.359
101.432
101.501
101.564
101.623
101.679
100.021
100.096
100.212
100.34
100.465
100.587
100.705
100.816
100.921
101.02
101.113
101.2
101.281
101.357
101.429
101.496
101.559
101.62
100.017
100.08
100.179
100.292
100.407
100.521
100.633
100.741
100.844
100.942
101.034
101.122
101.206
101.284
101.359
101.43
101.497
101.564
100.015
100.067
100.151
100.251
100.356
100.463
100.569
100.673
100.774
100.871
100.964
101.053
101.138
101.219
101.297
101.372
101.443
101.515
100.012
100.057
100.129
100.218
100.314
100.414
100.515
100.616
100.715
100.811
100.905
100.995
101.082
101.167
101.248
101.327
101.403
101.479
100.011
100.049
100.113
100.193
100.283
100.377
100.475
100.573
100.671
100.767
100.862
100.954
101.044
101.131
101.216
101.299
101.38
101.462
100.01
100.045
100.103
100.178
100.263
100.354
100.45
100.547
100.645
100.742
100.839
100.933
101.026
101.118
101.207
101.294
101.38
101.467
100.009
100.043
100.1
100.174
100.258
100.349
100.445
100.544
100.643
100.743
100.842
100.94
101.037
101.132
101.225
101.317
101.407
101.499
100.01
100.044
100.103
100.179
100.266
100.361
100.46
100.561
100.664
100.767
100.87
100.971
101.072
101.171
101.268
101.364
101.458
101.553
100.01
100.048
100.111
100.193
100.285
100.384
100.488
100.594
100.701
100.808
100.914
101.019
101.123
101.226
101.326
101.425
101.522
101.62
100.011
100.052
100.123
100.212
100.312
100.418
100.527
100.638
100.75
100.861
100.971
101.08
101.187
101.292
101.396
101.497
101.597
101.698
100.011
100.057
100.137
100.238
100.346
100.459
100.574
100.691
100.807
100.922
101.035
101.147
101.257
101.364
101.47
101.573
101.674
101.776
100.01
100.06
100.154
100.268
100.386
100.506
100.627
100.749
100.869
100.987
101.103
101.217
101.328
101.438
101.544
101.649
101.751
101.854
100.006
100.059
100.17
100.3
100.427
100.553
100.679
100.804
100.926
101.046
101.163
101.278
101.39
101.499
101.606
101.71
101.811
101.911
99.9975
100.053
100.187
100.33
100.463
100.594
100.724
100.85
100.973
101.092
101.209
101.322
101.432
101.54
101.645
101.747
101.845
101.945
99.9693
100.02
100.19
100.343
100.473
100.604
100.734
100.86
100.981
101.099
101.213
101.323
101.43
101.534
101.635
101.732
101.824
101.913
99.8969
99.9224
100.159
100.339
100.473
100.598
100.716
100.827
100.931
101.031
101.127
101.219
101.308
101.393
101.475
101.554
101.628
101.702
99.705
99.6434
99.8956
100.096
100.252
100.385
100.49
100.569
100.629
100.674
100.708
100.732
100.748
100.758
100.762
100.762
100.757
100.74
100.375
100.315
100.065
99.7296
99.4384
99.1655
98.8765
98.5648
98.2337
97.8872
97.5289
97.1623
96.7912
96.4187
96.048
95.6818
95.3236
94.9623
99.9193
99.4031
97.4961
95.2076
92.9737
90.8423
88.8069
86.8759
85.0563
83.3489
81.7504
80.2564
78.8614
77.5601
76.3467
75.2164
74.1682
73.169
0.00507774
0.00458888
0.00316878
0.00188895
0.00310862
0.00854208
0.0197516
0.0392147
0.0685091
0.108651
0.16032
0.22393
0.299589
0.38746
0.487431
0.599293
0.722739
0.857386
1.0028
1.15848
1.32395
1.49869
1.68218
1.87392
2.07345
2.28032
2.4941
2.71442
2.94095
3.17337
3.41144
3.65494
3.9037
4.15758
4.41649
4.68038
4.94924
5.22306
5.50192
5.78588
6.07506
6.36958
6.66961
6.97533
7.28694
7.60466
7.92872
8.25937
8.59685
8.94145
9.29343
9.65307
10.0206
10.3964
10.7807
11.1738
11.5758
11.9872
12.4081
12.8387
13.2792
13.7299
14.1908
14.6621
15.1439
15.6362
16.1391
16.6524
17.1762
17.7102
18.2542
18.8079
19.3711
19.9432
20.5237
21.1119
21.7072
22.3086
22.9153
23.526
24.1395
24.7544
25.3691
25.9819
26.5908
27.1937
27.7882
28.3718
28.9414
29.4941
30.0266
30.5356
31.0173
31.4675
31.8818
32.2554
32.5838
32.8626
33.0868
33.2505
33.347
33.3703
33.3154
33.177
32.95
32.6298
32.2124
31.6941
31.0723
30.3449
29.5112
28.5718
27.5284
26.3847
25.1462
23.82
22.4153
20.9433
19.4171
17.8514
16.2625
14.6678
13.0853
11.5333
10.0296
8.59162
7.23536
5.97526
4.82323
3.7882
2.87608
2.09043
1.43333
0.90572
0.506478
0.230878
0.0745454
0.0224346
0.0825962
0.234312
0.464551
0.760253
1.10946
1.50127
1.92583
2.37421
2.83843
3.31138
3.78679
4.25918
4.7237
5.17616
5.61292
6.03091
6.42765
6.80116
7.14998
7.47315
7.77014
8.04086
8.28557
8.50484
8.69949
8.8705
9.01901
9.1462
9.25327
9.34137
9.41155
9.46469
9.5023
9.52434
9.52997
9.51739
9.48328
9.42144
9.32052
9.15493
8.88901
8.17495
0.00721641
0.0007074
0.00564558
0.0195049
0.039277
0.0633465
0.0924179
0.128266
0.172262
0.225346
0.288157
0.361119
0.444477
0.538308
0.642534
0.756976
0.881372
1.0154
1.15868
1.31081
1.47136
1.6399
1.81599
1.99922
2.18918
2.3855
2.58781
2.79581
3.00921
3.22776
3.45125
3.67951
3.91239
4.14981
4.39169
4.638
4.88876
5.14398
5.40375
5.66815
5.9373
6.21134
6.49046
6.77482
7.06464
7.36015
7.66158
7.96918
8.28321
8.60395
8.93167
9.26666
9.60919
9.95956
10.318
10.6849
11.0605
11.4449
11.8386
12.2416
12.6543
13.0768
13.5092
13.9518
14.4045
14.8676
15.3409
15.8245
16.3182
16.8219
17.3355
17.8585
18.3908
18.9317
19.4807
20.0372
20.6004
21.1693
21.743
22.3203
22.8998
23.48
24.0594
24.6359
25.2075
25.7721
26.3271
26.8698
27.3972
27.9061
28.3932
28.8549
29.2875
29.6867
30.0481
30.3668
30.6385
30.8587
31.0227
31.1248
31.1576
31.1191
31.0041
30.8082
30.527
30.1567
29.6938
29.1357
28.4802
27.7263
26.8738
25.924
24.8795
23.7445
22.5249
21.2284
19.8644
18.4444
16.9815
15.4901
13.9864
12.4873
11.0104
9.57308
8.19274
6.88571
5.66703
4.54988
3.54507
2.6609
1.90325
1.27601
0.781022
0.41791
0.184476
0.0771002
0.092806
0.21526
0.429177
0.725693
1.09306
1.51946
1.99353
2.5047
3.04323
3.60024
4.16771
4.73844
5.30602
5.8648
6.40978
6.93664
7.44165
7.92175
8.37451
8.79813
9.19139
9.55366
9.88482
10.1852
10.4556
10.697
10.9108
11.0983
11.2612
11.401
11.5193
11.6174
11.6968
11.7583
11.8026
11.8297
11.8391
11.8293
11.7969
11.7359
11.6355
11.4734
11.2322
10.7327
0.00155
0.0102269
0.0324311
0.0631539
0.0991853
0.138682
0.181616
0.228885
0.28148
0.340215
0.405705
0.478392
0.558574
0.646419
0.741984
0.845241
0.95609
1.07437
1.19989
1.33239
1.47162
1.6173
1.76914
1.92685
2.09015
2.25878
2.43246
2.61098
2.79412
2.98169
3.17353
3.3695
3.5695
3.77344
3.98128
4.193
4.4086
4.62811
4.85158
5.0791
5.31077
5.54672
5.78708
6.03202
6.28172
6.53638
6.79621
7.06143
7.33226
7.60895
7.89175
8.18091
8.47668
8.77931
9.08908
9.40621
9.73097
10.0636
10.4043
10.7533
11.1108
11.4771
11.8521
12.2362
12.6293
13.0316
13.443
13.8637
14.2934
14.7322
15.1799
15.6361
16.1007
16.5733
17.0533
17.5402
18.0335
18.5322
19.0354
19.5423
20.0516
20.5619
21.0719
21.5799
22.0839
22.5821
23.0721
23.5516
24.0177
24.4675
24.898
25.306
25.6878
26.0396
26.3572
26.6363
26.8725
27.0619
27.2005
27.2829
27.3029
27.2584
27.1444
26.957
26.6924
26.347
25.9178
25.4024
24.799
24.1067
23.3257
22.4573
21.504
20.4701
19.3612
18.1847
16.9498
15.6672
14.3494
13.0102
11.6647
10.329
9.01947
7.75271
6.54485
5.4112
4.36562
3.42016
2.58475
1.86721
1.27331
0.807111
0.470169
0.261373
0.178212
0.215702
0.357894
0.592478
0.909504
1.30006
1.75309
2.25732
2.80189
3.37666
3.97227
4.58017
5.19263
5.80266
6.40406
6.99131
7.55958
8.10468
8.6231
9.11202
9.5693
9.9935
10.3838
10.7401
11.0627
11.3525
11.6108
11.8389
12.0388
12.2121
12.3609
12.4869
12.5919
12.6776
12.7455
12.7966
12.8317
12.8507
12.8534
12.8385
12.8034
12.7433
12.651
12.5126
12.3312
12.028
0.01049
0.0404237
0.0781493
0.12233
0.170514
0.220868
0.272876
0.326823
0.383314
0.443005
0.506478
0.574215
0.646594
0.723905
0.806355
0.89408
0.987155
1.0856
1.18939
1.29846
1.4127
1.53199
1.65619
1.78513
1.91864
2.05657
2.19874
2.345
2.49519
2.64919
2.80688
2.96815
3.13292
3.30112
3.47273
3.64771
3.82606
4.00782
4.19302
4.38172
4.574
4.76997
4.96975
5.17346
5.38126
5.5933
5.80977
6.03086
6.25675
6.48766
6.7238
6.96538
7.21263
7.46577
7.72503
7.99063
8.26279
8.54173
8.82764
9.12074
9.42119
9.72918
10.0449
10.3683
10.6998
11.0392
11.3867
11.7422
12.1058
12.4774
12.8568
13.244
13.6386
14.0404
14.449
14.8639
15.2847
15.7106
16.141
16.575
17.0117
17.4498
17.8882
18.3255
18.76
19.1901
19.6137
20.0288
20.4329
20.8235
21.1978
21.5529
21.8856
22.1925
22.4698
22.7135
22.9197
23.0849
23.2052
23.2758
23.2918
23.2502
23.1472
22.9793
22.7429
22.4351
22.0532
21.595
21.0591
20.4447
19.752
18.9824
18.1384
17.224
16.2445
15.2069
14.1197
12.9931
11.8386
10.6691
9.49881
8.34243
7.21536
6.13291
5.10995
4.16055
3.29738
2.53153
1.87219
1.32701
0.901131
0.598484
0.419323
0.361022
0.417907
0.575621
0.82288
1.15033
1.54997
2.01316
2.52964
3.0889
3.68077
4.29573
4.92498
5.56049
6.19494
6.82173
7.43496
8.02939
8.6004
9.14407
9.65712
10.137
10.582
10.991
11.3637
11.7003
12.0017
12.2693
12.5048
12.71
12.8871
13.0382
13.1656
13.2711
13.3569
13.4246
13.4759
13.512
13.5334
13.5404
13.5328
13.5097
13.4693
13.4083
13.3225
13.2051
13.0704
12.8831
0.04486
0.096473
0.14587
0.198419
0.253417
0.309309
0.36531
0.421279
0.47748
0.534379
0.592493
0.652315
0.714291
0.778807
0.84619
0.916714
0.990598
1.06801
1.14907
1.23386
1.32242
1.41475
1.51083
1.61061
1.71403
1.82101
1.93146
2.0453
2.16243
2.28278
2.40626
2.5328
2.66235
2.79485
2.93028
3.06861
3.20985
3.354
3.5011
3.65119
3.80434
3.96061
4.1201
4.28291
4.44916
4.61899
4.79253
4.96993
5.15136
5.33698
5.52698
5.72153
5.92081
6.12503
6.33437
6.54902
6.76918
6.99502
7.22673
7.46449
7.70845
7.95878
8.21561
8.47908
8.74927
9.02629
9.31018
9.60099
9.8987
10.2033
10.5147
10.8328
11.1574
11.4883
11.8252
12.1677
12.5155
12.8681
13.2248
13.5849
13.9478
14.3123
14.6777
15.0425
15.4057
15.7656
16.1207
16.4691
16.8088
17.1376
17.4532
17.753
18.0344
18.2942
18.5293
18.7361
18.9112
19.0513
19.1532
19.2126
19.2249
19.1878
19.0979
18.9522
18.7478
18.4821
18.1528
17.7581
17.2968
16.7684
16.1733
15.5127
14.789
14.006
13.1686
12.2835
11.3584
10.4024
9.42632
8.44203
7.46235
6.50073
5.57119
4.68761
3.86337
3.1112
2.44254
1.86773
1.39496
1.0316
0.78106
0.645988
0.624355
0.708993
0.888267
1.15244
1.49234
1.90012
2.36855
2.88953
3.45379
4.05184
4.67445
5.31297
5.95937
6.60632
7.24711
7.87564
8.48643
9.07457
9.63576
10.1663
10.6632
11.1243
11.548
11.9337
12.2814
12.5919
12.8665
13.1069
13.3152
13.4938
13.645
13.7712
13.8748
13.958
14.0228
14.0712
14.1047
14.1246
14.1313
14.1254
14.1069
14.0751
14.0291
13.9668
13.8867
13.7869
13.6871
13.5697
0.105718
0.177929
0.234636
0.290573
0.347257
0.403656
0.458932
0.512687
0.564921
0.615913
0.666088
0.715918
0.765879
0.816418
0.867945
0.92083
0.975398
1.03193
1.09065
1.15175
1.21538
1.28166
1.35064
1.42239
1.49692
1.57423
1.65431
1.73712
1.82263
1.9108
2.00159
2.09495
2.19085
2.28925
2.39015
2.49351
2.59934
2.70764
2.81843
2.93174
3.04761
3.16609
3.28725
3.41117
3.53793
3.66763
3.80037
3.93628
4.07547
4.21808
4.36425
4.51413
4.66785
4.82558
4.98747
5.15367
5.32435
5.49965
5.67973
5.86474
6.05482
6.25009
6.45069
6.65672
6.86829
7.08547
7.30832
7.53688
7.77118
8.01119
8.25687
8.50814
8.7649
9.02697
9.29414
9.56615
9.84268
10.1233
10.4077
10.6951
10.9851
11.2769
11.5696
11.8623
12.1541
12.4436
12.7296
13.0106
13.2849
13.5507
13.8061
14.0491
14.2772
14.488
14.6788
14.8466
14.9885
15.1017
15.1834
15.2298
15.2373
15.2037
15.1264
15.0028
14.8307
14.6079
14.3327
14.0035
13.6197
13.1809
12.6876
12.1411
11.5439
10.8993
10.2121
9.48821
8.73481
7.9601
7.17367
6.38634
5.60958
4.85524
4.13577
3.46344
2.85005
2.307
1.84423
1.4714
1.19462
1.02056
0.948944
0.98004
1.10563
1.31747
1.60711
1.9663
2.38722
2.86288
3.38663
3.95111
4.54823
5.16972
5.80753
6.45409
7.10239
7.74597
8.37893
8.99583
9.59171
10.1621
10.703
11.2111
11.6835
12.1183
12.5144
12.8712
13.1892
13.4696
13.714
13.9245
14.1035
14.2537
14.3777
14.478
14.5572
14.6175
14.6612
14.69
14.7059
14.7094
14.7015
14.6827
14.6534
14.6132
14.5618
14.4983
14.4234
14.3382
14.2648
14.1915
0.185722
0.277376
0.337978
0.393486
0.447901
0.500917
0.551827
0.600132
0.645662
0.688543
0.729096
0.76775
0.804977
0.841252
0.877034
0.912754
0.948804
0.985539
1.02327
1.06226
1.10275
1.14492
1.18892
1.23486
1.28284
1.33292
1.38514
1.43952
1.49606
1.55477
1.61564
1.67865
1.74378
1.81102
1.88035
1.95177
2.02526
2.10083
2.17848
2.25824
2.34013
2.42417
2.5104
2.59889
2.68968
2.78284
2.87845
2.97658
3.07733
3.18079
3.28706
3.39626
3.50848
3.62384
3.74247
3.86448
3.99
4.11913
4.25201
4.38875
4.52947
4.67426
4.82324
4.97649
5.13409
5.29613
5.46264
5.63368
5.80926
5.98938
6.17403
6.36315
6.55665
6.75444
6.95634
7.16218
7.37172
7.58465
7.80064
8.01928
8.24009
8.46252
8.68594
8.90962
9.13276
9.35443
9.5736
9.7891
9.99962
10.2037
10.3999
10.5865
10.7617
10.9235
11.0696
11.1977
11.3055
11.3906
11.4508
11.4829
11.4841
11.4526
11.3865
11.2837
11.1426
10.9616
10.7395
10.4753
10.1687
9.81961
9.42892
8.99805
8.52928
8.02591
7.49237
6.93421
6.3579
5.77066
5.18087
4.59814
4.03251
3.49409
2.99366
2.54167
2.1483
1.82361
1.57506
1.41156
1.33517
1.34976
1.45129
1.63372
1.89165
2.21795
2.60532
3.04658
3.53493
4.06416
4.62826
5.22084
5.83504
6.46395
7.10086
7.7395
8.37406
8.99918
9.60992
10.2017
10.7702
11.3115
11.8221
12.2987
12.7389
13.1409
13.5037
13.827
14.1116
14.3589
14.5707
14.7495
14.898
15.019
15.1152
15.1893
15.2441
15.2817
15.3044
15.3141
15.3125
15.3
15.2779
15.2467
15.207
15.1588
15.1024
15.0379
14.9674
14.8942
14.8408
14.7961
0.275031
0.385198
0.447351
0.49985
0.549331
0.596356
0.640487
0.681253
0.718404
0.751955
0.782137
0.80932
0.83395
0.856503
0.877459
0.897281
0.916404
0.935229
0.954119
0.973396
0.993342
1.0142
1.03618
1.05944
1.08413
1.11036
1.1382
1.16772
1.19896
1.23196
1.26672
1.30326
1.34156
1.38164
1.42348
1.46708
1.51242
1.55951
1.60834
1.65892
1.71125
1.76535
1.82124
1.87894
1.93848
1.99991
2.06326
2.12858
2.19593
2.26537
2.33696
2.41078
2.48689
2.56539
2.64634
2.72984
2.81596
2.90479
2.99642
3.09094
3.18842
3.28894
3.39259
3.49942
3.60951
3.72291
3.83965
3.95979
4.08333
4.21028
4.34063
4.47435
4.61139
4.75165
4.89505
5.04144
5.19065
5.34248
5.49666
5.65291
5.81087
5.97014
6.13025
6.29067
6.45079
6.60993
6.76731
6.92205
7.07318
7.21963
7.36024
7.49376
7.6188
7.73384
7.8372
7.92709
8.00169
8.05933
8.09827
8.11585
8.11028
8.08017
8.02412
7.94087
7.82927
7.6884
7.51759
7.31648
7.08513
6.82411
6.53455
6.21813
5.8772
5.51495
5.13559
4.74432
4.34702
3.94997
3.56026
3.18612
2.83613
2.51871
2.24295
2.01697
1.84912
1.74792
1.71672
1.7609
1.8788
2.0675
2.32372
2.6421
3.0172
3.44278
3.91246
4.42
4.95957
5.52578
6.11347
6.71728
7.33168
7.95116
8.57045
9.18466
9.78934
10.3804
10.954
11.5067
12.0349
12.5355
13.0052
13.4414
13.8416
14.2042
14.5283
14.8139
15.0617
15.2733
15.4507
15.5966
15.7138
15.8051
15.8734
15.9216
15.9521
15.9675
15.9698
15.9611
15.9422
15.9142
15.8783
15.8353
15.7857
15.73
15.669
15.6035
15.5368
15.4732
15.435
15.4088
0.363435
0.491327
0.553693
0.601751
0.644844
0.684481
0.720598
0.752846
0.780974
0.804939
0.824899
0.841165
0.854143
0.864292
0.872091
0.878012
0.882511
0.886013
0.888912
0.891561
0.894278
0.897341
0.900989
0.905428
0.91083
0.917335
0.925057
0.934086
0.94449
0.956319
0.969608
0.984378
1.00064
1.0184
1.03766
1.05841
1.08064
1.10434
1.12951
1.15614
1.18422
1.21374
1.24472
1.27714
1.31103
1.3464
1.38325
1.42161
1.46151
1.50298
1.54604
1.59074
1.63712
1.68522
1.73509
1.78677
1.84032
1.8958
1.95324
2.01271
2.07426
2.13793
2.20379
2.27186
2.34219
2.41483
2.48979
2.5671
2.64677
2.7288
2.81319
2.89991
2.98893
3.08019
3.17362
3.26913
3.36659
3.46585
3.56676
3.66909
3.7726
3.87701
3.982
4.08718
4.19213
4.29637
4.39935
4.50044
4.59897
4.69417
4.78523
4.87128
4.95133
5.02432
5.08907
5.14433
5.18887
5.22157
5.24121
5.24571
5.23433
5.20607
5.16017
5.09596
5.01298
4.91093
4.78978
4.6498
4.49164
4.31641
4.12572
3.92165
3.7067
3.48406
3.25778
3.0327
2.81419
2.60771
2.41915
2.25517
2.12269
2.02851
1.98003
1.98218
2.04112
2.1592
2.33668
2.57206
2.86364
3.20755
3.59977
4.03519
4.5086
5.01449
5.54739
6.10211
6.67385
7.2582
7.851
8.44803
9.04506
9.63797
10.2229
10.7963
11.3552
11.8968
12.4186
12.9182
13.3931
13.841
14.2593
14.6457
14.998
15.3148
15.595
15.8387
16.0465
16.2201
16.3617
16.4736
16.5589
16.6205
16.6612
16.6837
16.6907
16.6844
16.6671
16.6402
16.6047
16.5619
16.5128
16.4585
16.3996
16.3369
16.2715
16.2051
16.1416
16.0856
16.0589
16.0448
0.441497
0.586356
0.648484
0.691676
0.727975
0.759881
0.787769
0.811491
0.830862
0.845828
0.856503
0.863147
0.866124
0.865863
0.862825
0.857474
0.850269
0.84164
0.831992
0.821694
0.811078
0.80044
0.790037
0.780094
0.770799
0.762313
0.754765
0.748261
0.742883
0.738695
0.73574
0.734051
0.733645
0.734531
0.736709
0.740174
0.744915
0.750918
0.758168
0.766647
0.77634
0.787228
0.799299
0.812539
0.826937
0.842486
0.859178
0.877013
0.895991
0.916114
0.93739
0.959827
0.983438
1.00824
1.03424
1.06147
1.08994
1.11967
1.1507
1.18303
1.2167
1.25172
1.28812
1.32591
1.36512
1.40576
1.44783
1.49135
1.53631
1.58271
1.63053
1.67976
1.73037
1.78231
1.83553
1.88997
1.94554
2.00215
2.05968
2.11799
2.17692
2.23629
2.29587
2.35543
2.41468
2.47332
2.53098
2.58726
2.64174
2.69391
2.74329
2.78932
2.8314
2.86887
2.90103
2.92713
2.94649
2.95854
2.9626
2.95717
2.94253
2.91811
2.88377
2.8395
2.78547
2.72206
2.64993
2.57004
2.48369
2.39259
2.29895
2.20534
2.11456
2.02991
1.95534
1.8953
1.85461
1.83803
1.85059
1.89716
1.98269
2.11282
2.28909
2.51338
2.78591
3.10485
3.46889
3.87419
4.3173
4.79368
5.29885
5.82796
6.37624
6.93908
7.51213
8.0914
8.67335
9.25477
9.83264
10.404
10.9659
11.5154
12.0501
12.5677
13.0664
13.5446
14.0012
14.4349
14.8445
15.2285
15.5853
15.913
16.2099
16.4745
16.7058
16.9036
17.0687
17.2024
17.3067
17.3842
17.4375
17.4695
17.483
17.4805
17.4646
17.4375
17.4014
17.3569
17.3054
17.2484
17.1868
17.1218
17.0542
16.985
16.9157
16.8483
16.7872
16.7372
16.7192
16.713
0.501509
0.662387
0.724526
0.763238
0.793184
0.81786
0.838128
0.854095
0.865699
0.872926
0.875879
0.874785
0.869969
0.861825
0.850784
0.837292
0.821789
0.804698
0.786416
0.767308
0.747706
0.727905
0.708165
0.688711
0.669737
0.651405
0.633849
0.617178
0.601478
0.586814
0.573236
0.560774
0.549449
0.539269
0.530233
0.522333
0.515556
0.509882
0.505291
0.501757
0.499256
0.497762
0.497248
0.497689
0.499061
0.50134
0.504505
0.508535
0.513412
0.51912
0.525645
0.532973
0.541094
0.549998
0.559677
0.570125
0.581336
0.593305
0.606029
0.619502
0.633722
0.648684
0.664384
0.680815
0.697971
0.715843
0.73442
0.753691
0.773639
0.794246
0.815488
0.83734
0.85977
0.882741
0.906209
0.930125
0.95443
0.979057
1.00393
1.02896
1.05405
1.07907
1.10392
1.12844
1.15247
1.17583
1.19834
1.21978
1.23991
1.2585
1.2753
1.29006
1.3025
1.31236
1.31936
1.32321
1.32376
1.32097
1.31467
1.30414
1.29036
1.27337
1.25362
1.23174
1.20858
1.18524
1.1631
1.14383
1.12946
1.12237
1.12535
1.14153
1.17426
1.22706
1.30377
1.40859
1.54578
1.71992
1.93416
2.18981
2.48949
2.83323
3.21912
3.64621
4.11061
4.60797
5.13399
5.68343
6.25138
6.83278
7.42292
8.01742
8.61236
9.2043
9.79031
10.3679
10.9352
11.4903
12.0316
12.5575
13.0664
13.5565
14.0265
14.4752
14.9017
15.3055
15.6863
16.0442
16.379
16.6902
16.9771
17.2387
17.4736
17.6805
17.8585
18.0073
18.1273
18.2196
18.286
18.3287
18.3502
18.3532
18.3401
18.3135
18.2757
18.229
18.1745
18.1132
18.0466
17.9762
17.903
17.8279
17.7522
17.677
17.6041
17.5357
17.4766
17.4314
17.4199
17.4188
0.538187
0.713624
0.776463
0.811657
0.836303
0.854868
0.868721
0.878269
0.883624
0.884853
0.882088
0.875545
0.865524
0.852385
0.836525
0.818357
0.79829
0.776722
0.754026
0.730545
0.706593
0.682446
0.65835
0.634516
0.611125
0.588328
0.566251
0.544994
0.524636
0.505236
0.486836
0.469465
0.453137
0.437857
0.42362
0.410415
0.398223
0.387021
0.376784
0.367483
0.359086
0.351562
0.344878
0.339001
0.333898
0.329537
0.325885
0.322913
0.320589
0.318884
0.31777
0.317217
0.3172
0.317691
0.318663
0.320091
0.321948
0.324208
0.326844
0.329831
0.333139
0.336742
0.340611
0.344716
0.349027
0.353512
0.358138
0.362873
0.36768
0.372524
0.377367
0.38217
0.386893
0.391493
0.395927
0.400147
0.404106
0.407752
0.411031
0.413887
0.41626
0.418087
0.419304
0.419844
0.419639
0.418623
0.416731
0.413902
0.410083
0.405234
0.399338
0.392407
0.384473
0.37561
0.365931
0.355617
0.34497
0.334444
0.324446
0.315183
0.308045
0.303742
0.303351
0.308155
0.319701
0.33982
0.370656
0.414668
0.474655
0.55374
0.655381
0.78335
0.942208
1.13482
1.36484
1.63617
1.9519
2.31373
2.7218
3.17615
3.6753
4.21537
4.79137
5.39831
6.02945
6.67799
7.33718
8.00038
8.66158
9.31545
9.95753
10.5843
11.193
11.7819
12.3498
12.8962
13.421
13.9241
14.4056
14.8654
15.3032
15.7184
16.1106
16.4794
16.8246
17.1463
17.4449
17.721
17.9753
18.2083
18.4202
18.6109
18.7794
18.9251
19.047
19.1446
19.2182
19.2684
19.2967
19.305
19.2954
19.2703
19.2318
19.1823
19.1239
19.0585
18.9864
18.9093
18.8287
18.7458
18.6617
18.5775
18.4944
18.4138
18.3376
18.2683
18.2108
18.1693
18.1628
18.1653
0.548956
0.736569
0.801011
0.833988
0.854763
0.868715
0.877729
0.882541
0.883473
0.880722
0.874484
0.864993
0.852549
0.837484
0.820157
0.800938
0.780195
0.758281
0.735528
0.71224
0.688691
0.665123
0.641746
0.618744
0.596267
0.574443
0.553375
0.533142
0.513808
0.495415
0.477995
0.461564
0.446129
0.431686
0.418225
0.40573
0.394179
0.383546
0.373803
0.364918
0.35686
0.349594
0.343086
0.337301
0.332204
0.327759
0.323932
0.320686
0.317986
0.315797
0.314082
0.312804
0.311926
0.311411
0.311218
0.311309
0.31164
0.312171
0.312856
0.313649
0.314503
0.315368
0.316196
0.316932
0.317525
0.31792
0.31806
0.317891
0.317355
0.316396
0.314957
0.312981
0.310412
0.307196
0.303278
0.298606
0.29313
0.2868
0.279572
0.271404
0.262258
0.252103
0.240917
0.228686
0.215413
0.201116
0.185833
0.169631
0.152608
0.134902
0.116698
0.0982401
0.0798433
0.0619051
0.0449271
0.0295203
0.0164269
0.00654886
0.000977663
0.00102483
0.00807248
0.0236298
0.0494121
0.087402
0.139885
0.209473
0.299114
0.412097
0.552036
0.722843
0.928625
1.1735
1.4614
1.79542
2.17895
2.61457
3.10346
3.64493
4.23656
4.87532
5.55607
6.27163
7.01388
7.77418
8.54305
9.31125
10.0701
10.8116
11.5294
12.2181
12.8742
13.4954
14.0808
14.6307
15.1463
15.6293
16.0817
16.5057
16.9031
17.2754
17.6238
17.949
18.2512
18.5308
18.788
19.0229
19.2363
19.4289
19.6018
19.7558
19.892
20.0107
20.112
20.1955
20.2606
20.3068
20.334
20.3426
20.3337
20.3087
20.2694
20.2176
20.1553
20.0844
20.0071
19.9237
19.8354
19.7439
19.6504
19.5561
19.4621
19.3697
19.28
19.1946
19.1155
19.0455
18.9893
18.951
18.9484
18.9535
0.535562
0.730086
0.796898
0.829131
0.847646
0.85866
0.864573
0.866475
0.864937
0.860326
0.85294
0.84307
0.831019
0.817104
0.801651
0.784983
0.767412
0.749234
0.730721
0.712117
0.69364
0.675476
0.657788
0.640708
0.624346
0.608791
0.59411
0.580354
0.567558
0.555746
0.544928
0.535105
0.526273
0.518418
0.511524
0.505569
0.500528
0.496377
0.493086
0.490625
0.488966
0.488077
0.487927
0.488486
0.48972
0.4916
0.49409
0.49716
0.500773
0.504893
0.509485
0.514508
0.519921
0.52568
0.531739
0.538048
0.544555
0.551205
0.557938
0.564694
0.571406
0.578007
0.584426
0.59059
0.596422
0.601846
0.606782
0.611151
0.614873
0.617868
0.620056
0.62136
0.621704
0.621013
0.619218
0.616252
0.612054
0.606566
0.59974
0.591535
0.581923
0.570888
0.558433
0.544583
0.52939
0.512941
0.49536
0.476824
0.457566
0.437884
0.418152
0.398837
0.380522
0.363931
0.349949
0.33962
0.334112
0.334774
0.343697
0.362817
0.393593
0.43829
0.499298
0.57931
0.681355
0.808812
0.965391
1.15512
1.38227
1.65132
1.9667
2.33254
2.75241
3.22904
3.76476
4.36051
5.01534
5.72611
6.48779
7.29395
8.13593
9.00323
9.88442
10.7675
11.6405
12.4919
13.3114
14.0906
14.8229
15.5039
16.1314
16.7052
17.2268
17.6991
18.126
18.5119
18.8613
19.1786
19.4676
19.7316
19.9732
20.194
20.3953
20.5778
20.7418
20.8878
21.0159
21.1267
21.221
21.2996
21.3636
21.4138
21.4508
21.4747
21.4852
21.4819
21.4648
21.4339
21.3899
21.3337
21.2668
21.1905
21.1063
21.0162
20.9212
20.8215
20.7187
20.6141
20.5091
20.4047
20.302
20.2023
20.1069
20.0174
19.9361
19.8657
19.8108
19.7753
19.7759
19.7831
0.500048
0.696279
0.765491
0.798074
0.815746
0.825384
0.829857
0.830613
0.828492
0.82406
0.817749
0.809926
0.800928
0.791065
0.780633
0.769903
0.759124
0.748518
0.738283
0.728584
0.719565
0.71134
0.704004
0.697626
0.692261
0.687946
0.684705
0.682547
0.681477
0.681489
0.68257
0.684704
0.687872
0.692051
0.697218
0.703348
0.710416
0.718398
0.72727
0.737008
0.747588
0.75899
0.771189
0.784165
0.797895
0.812355
0.827522
0.843369
0.859869
0.876991
0.894701
0.912964
0.931736
0.950974
0.970626
0.990637
1.01095
1.03149
1.05219
1.07298
1.09378
1.11448
1.13502
1.15528
1.17518
1.19461
1.21347
1.23165
1.24904
1.26556
1.28108
1.2955
1.30874
1.32069
1.33126
1.34037
1.34793
1.35387
1.35814
1.36069
1.36148
1.36051
1.3578
1.35338
1.34737
1.3399
1.33118
1.32148
1.31117
1.3007
1.29062
1.28163
1.27459
1.27054
1.27077
1.27674
1.29001
1.31255
1.3481
1.39715
1.4627
1.54741
1.6543
1.78676
1.94853
2.14371
2.37667
2.65203
2.97456
3.34899
3.77979
4.27084
4.82516
5.44472
6.13036
6.88104
7.69342
8.56172
9.4779
10.4319
11.4116
12.4029
13.3911
14.3613
15.299
16.1911
17.0266
17.7968
18.4962
19.122
19.6743
20.1556
20.5705
20.9252
21.2266
21.482
21.6987
21.8833
22.0418
22.1788
22.2982
22.4027
22.4942
22.5736
22.6414
22.6976
22.7422
22.775
22.7961
22.8059
22.8048
22.7935
22.7729
22.743
22.7042
22.6562
22.5989
22.5322
22.4565
22.3724
22.2809
22.1828
22.0796
21.9728
21.8616
21.7476
21.6321
21.5163
21.4013
21.2882
21.1782
21.0724
20.9724
20.8797
20.7967
20.7263
20.6729
20.64
20.6434
20.6529
0.447239
0.63945
0.710211
0.743599
0.761357
0.77078
0.775137
0.776209
0.775116
0.772635
0.769351
0.765727
0.762144
0.758916
0.756306
0.754532
0.753769
0.754155
0.755796
0.758769
0.763124
0.768892
0.776083
0.784698
0.79472
0.806129
0.818896
0.832988
0.84837
0.865005
0.882857
0.90189
0.92207
0.943367
0.965752
0.989199
1.01369
1.03919
1.06571
1.09321
1.12169
1.15114
1.18156
1.21292
1.24523
1.27847
1.31263
1.3477
1.38366
1.42049
1.45816
1.49664
1.53588
1.57586
1.6165
1.65776
1.69956
1.74183
1.78447
1.82741
1.87054
1.91375
1.95693
1.99996
2.04273
2.08509
2.12693
2.16811
2.2085
2.24797
2.28639
2.32363
2.35957
2.39409
2.42708
2.45842
2.48802
2.5158
2.54166
2.56556
2.58746
2.60734
2.62524
2.64124
2.65545
2.66809
2.67944
2.68988
2.6999
2.71012
2.72129
2.73434
2.75039
2.77087
2.79744
2.83193
2.87631
2.93338
3.00828
3.1001
3.21283
3.3497
3.51439
3.71098
3.94385
4.21773
4.53754
4.90833
5.33512
5.82267
6.37521
6.99607
7.6874
8.44991
9.28251
10.1818
11.1417
12.1534
13.2053
14.2837
15.3725
16.4545
17.5116
18.5262
19.4822
20.3656
21.1652
21.8737
22.4873
23.0059
23.433
23.7748
24.0395
24.237
24.3776
24.4718
24.5294
24.5592
24.5689
24.5645
24.5507
24.5309
24.5072
24.4806
24.4514
24.4193
24.3836
24.3434
24.2979
24.2466
24.1892
24.1256
24.0562
23.9812
23.9008
23.8149
23.7235
23.6265
23.524
23.4163
23.3041
23.1879
23.0689
22.9472
22.8228
22.697
22.571
22.4459
22.3228
22.2027
22.0868
21.9763
21.8727
21.7779
21.694
21.6241
21.5726
21.5423
21.5486
21.5605
0.384575
0.566993
0.637379
0.67106
0.688981
0.698603
0.7035
0.705764
0.706779
0.707537
0.708778
0.711062
0.714811
0.72034
0.727874
0.737567
0.74951
0.763749
0.780288
0.799102
0.820143
0.843347
0.868639
0.895937
0.925156
0.956211
0.98902
1.02351
1.05959
1.09721
1.13631
1.17682
1.21871
1.26194
1.30647
1.35228
1.39935
1.44768
1.49725
1.54806
1.60012
1.65343
1.708
1.76384
1.82095
1.87933
1.939
1.99995
2.06217
2.12565
2.19036
2.25629
2.3234
2.39163
2.46092
2.53122
2.60244
2.67449
2.74727
2.82067
2.89457
2.96884
3.04333
3.11791
3.19243
3.26672
3.34063
3.41401
3.48669
3.55851
3.62932
3.69897
3.76731
3.8342
3.8995
3.9631
4.02486
4.08469
4.1425
4.1982
4.25177
4.30319
4.35251
4.39983
4.44534
4.48929
4.53206
4.57416
4.61622
4.65906
4.70362
4.7511
4.80295
4.86096
4.92716
5.00374
5.09304
5.19943
5.32739
5.47573
5.64906
5.85132
6.08685
6.36033
6.67678
7.04139
7.45948
7.93634
8.47699
9.08591
9.76675
10.5219
11.3522
12.2565
13.2313
14.2703
15.3642
16.5005
17.6639
18.8366
19.9989
21.13
22.2091
23.2168
24.136
24.9528
25.6576
26.2453
26.7154
27.0719
27.3224
27.4777
27.5503
27.554
27.5029
27.4101
27.288
27.1471
26.9961
26.8421
26.69
26.5433
26.4039
26.2725
26.1489
26.0322
25.921
25.8136
25.7084
25.6039
25.4988
25.3922
25.2837
25.1729
25.0599
24.9445
24.8265
24.7059
24.5825
24.4566
24.3283
24.1982
24.067
23.9334
23.7987
23.6639
23.5299
23.3979
23.2687
23.1434
23.0232
22.9095
22.8037
22.7078
22.624
22.5554
22.506
22.4788
22.488
22.5031
0.317028
0.484022
0.55113
0.583474
0.600554
0.609804
0.615049
0.618668
0.622298
0.627126
0.634018
0.643604
0.656321
0.672455
0.692175
0.715549
0.742576
0.773196
0.807307
0.844778
0.885462
0.929201
0.975834
1.0252
1.07715
1.13155
1.18824
1.24713
1.30809
1.37104
1.43588
1.50256
1.571
1.64117
1.71304
1.78658
1.86177
1.93861
2.01711
2.09727
2.17911
2.26265
2.3479
2.43489
2.52363
2.61415
2.70645
2.80055
2.89644
2.99411
3.09355
3.19472
3.29759
3.40211
3.5082
3.61578
3.72476
3.83504
3.94648
4.05896
4.17233
4.28642
4.40108
4.51613
4.63138
4.74665
4.86176
4.97651
5.09072
5.20421
5.3168
5.42832
5.5386
5.64749
5.75484
5.86052
5.96439
6.06634
6.16627
6.26411
6.35981
6.45338
6.5449
6.63451
6.72247
6.80912
6.89498
6.98068
7.06706
7.15515
7.24616
7.3416
7.44329
7.55342
7.67437
7.80859
7.95934
8.13367
8.32772
8.54672
8.79476
9.0764
9.39654
9.76044
10.1735
10.6414
11.1695
11.763
12.4267
13.1644
13.9787
14.8705
15.8387
16.8797
17.9871
19.151
20.3583
21.5925
22.834
24.0611
25.2504
26.3781
27.4217
28.3608
29.1787
29.8632
30.4078
30.8113
31.078
31.217
31.2414
31.1668
31.0107
30.7908
30.5244
30.2271
29.913
29.5937
29.2785
28.9743
28.6857
28.4158
28.1656
27.9351
27.7233
27.5283
27.3481
27.1801
27.0219
26.8712
26.726
26.5844
26.4453
26.3076
26.1707
26.0342
25.8976
25.7607
25.6232
25.485
25.3459
25.2065
25.0663
24.9248
24.7832
24.6424
24.5032
24.3666
24.2336
24.1052
23.9827
23.8673
23.7607
23.6649
23.5823
23.5156
23.4692
23.4455
23.458
23.4771
0.270449
0.422136
0.482121
0.509603
0.522923
0.529446
0.533199
0.536777
0.541991
0.550128
0.562095
0.578508
0.599756
0.626053
0.65748
0.694016
0.735564
0.78197
0.833045
0.888574
0.948332
1.01209
1.07963
1.15074
1.22521
1.30287
1.38355
1.46709
1.55336
1.64224
1.73363
1.82744
1.9236
2.02206
2.12277
2.22571
2.33085
2.43818
2.54772
2.65946
2.77341
2.88961
3.00807
3.12881
3.25185
3.37721
3.5049
3.63493
3.76731
3.90201
4.03902
4.17831
4.31983
4.46351
4.60927
4.75703
4.90668
5.05809
5.21111
5.36561
5.5214
5.67831
5.83615
5.99472
6.15381
6.31323
6.47276
6.63221
6.79136
6.95002
7.108
7.26513
7.42124
7.57618
7.7298
7.88197
8.03257
8.18148
8.32862
8.47392
8.61737
8.75899
8.89893
9.03739
9.17473
9.31143
9.44814
9.58571
9.72518
9.86785
10.0152
10.1693
10.3321
10.5065
10.695
10.9007
11.1284
11.3832
11.66
11.9655
12.3045
12.6822
13.1041
13.5758
14.1031
14.6915
15.3465
16.073
16.8749
17.7549
18.7141
19.7514
20.863
22.042
23.2783
24.5579
25.8631
27.1728
28.4631
29.7079
30.8806
31.9553
32.9084
33.72
34.3755
34.8666
35.1913
35.3543
35.3663
35.2427
35.0027
34.6676
34.2594
33.7995
33.3079
32.802
32.2966
31.8034
31.3313
30.8863
30.4721
30.0903
29.7408
29.4223
29.1328
28.8694
28.6291
28.4086
28.2048
28.0149
27.8362
27.6664
27.5037
27.3466
27.1939
27.0446
26.8978
26.7528
26.6089
26.4655
26.3223
26.1792
26.0355
25.8916
25.7484
25.6064
25.4665
25.3296
25.1966
25.0688
24.9473
24.8335
24.7293
24.6365
24.5576
24.4956
24.4544
24.4365
24.4546
24.4803
0.238838
0.376281
0.427762
0.448845
0.457023
0.459734
0.461253
0.46436
0.470952
0.48232
0.499315
0.522466
0.55206
0.588209
0.630895
0.68001
0.735374
0.796759
0.863907
0.936543
1.01439
1.09717
1.18462
1.27649
1.37256
1.47261
1.57645
1.6839
1.79481
1.90903
2.02644
2.14694
2.27044
2.39685
2.52612
2.65821
2.79307
2.93069
3.07105
3.21415
3.35999
3.50859
3.65995
3.81409
3.97103
4.13077
4.29334
4.45874
4.62695
4.79798
4.9718
5.14838
5.32767
5.50959
5.69408
5.88104
6.07036
6.26189
6.45551
6.65103
6.8483
7.04712
7.24728
7.44858
7.65081
7.85374
8.05716
8.26086
8.46464
8.66828
8.87161
9.07444
9.27663
9.47804
9.67852
9.87796
10.0763
10.2733
10.4691
10.6634
10.8564
11.0482
11.2388
11.4286
11.6181
11.8078
11.9987
12.1916
12.3879
12.5891
12.7971
13.0142
13.2429
13.4862
13.7473
14.0301
14.343
14.679
15.0433
15.4406
15.8761
16.3551
16.8833
17.4664
18.1103
18.8202
19.6012
20.4572
21.3912
22.4041
23.4951
24.6605
25.8933
27.1834
28.5164
29.8743
31.2349
32.5731
33.8612
35.0702
36.1717
37.139
37.9496
38.5861
39.0378
39.3016
39.3815
39.2889
39.0409
38.6589
38.1677
37.5926
36.9591
36.2907
35.6085
34.9301
34.27
33.6389
33.0443
32.4909
31.9808
31.5143
31.09
30.7055
30.3575
30.0426
29.7569
29.4967
29.2585
29.0389
28.8351
28.6448
28.4656
28.296
28.1343
27.979
27.8289
27.6826
27.5389
27.3967
27.2553
27.1141
26.9728
26.8318
26.6916
26.5529
26.4164
26.2831
26.1539
26.0301
25.9129
25.804
25.705
25.6181
25.5458
25.4909
25.4574
25.4478
25.4738
25.509
0.223993
0.346234
0.385092
0.396131
0.396303
0.393181
0.391282
0.393447
0.40151
0.416629
0.439494
0.47047
0.509694
0.557153
0.612724
0.676212
0.747364
0.825885
0.911454
1.00374
1.10242
1.20717
1.31769
1.43369
1.5549
1.68109
1.81201
1.94744
2.0872
2.23109
2.37894
2.5306
2.68594
2.84482
3.00715
3.17283
3.34179
3.51395
3.68929
3.86774
4.04931
4.23395
4.42167
4.61247
4.80635
5.00331
5.20335
5.4065
5.61274
5.82207
6.03448
6.24995
6.46843
6.68989
6.91424
7.14143
7.37133
7.60384
7.83882
8.07612
8.31558
8.557
8.80021
9.04498
9.29112
9.53841
9.78665
10.0356
10.2851
10.5349
10.7849
11.0349
11.2848
11.5345
11.7838
12.0326
12.2809
12.5287
12.7758
13.0222
13.268
13.5133
13.7584
14.0037
14.2497
14.4972
14.7473
15.0011
15.2602
15.5265
15.8021
16.0897
16.3924
16.7135
17.0567
17.4289
17.8306
18.2583
18.7183
19.2158
19.7559
20.3441
20.9861
21.6875
22.4536
23.2893
24.1987
25.1845
26.2479
27.388
28.6012
29.8807
31.2162
32.5934
33.9938
35.395
36.7707
38.092
39.3283
40.4486
41.4239
42.2289
42.8435
43.2547
43.4577
43.4559
43.2607
42.8903
42.3686
41.723
40.9826
40.1763
39.3315
38.4728
37.6208
36.7926
36.0009
35.2547
34.5596
33.9185
33.3317
32.7978
32.3143
31.8774
31.4833
31.1274
30.8055
30.5133
30.2471
30.0034
29.7793
29.5722
29.3801
29.2012
29.0336
28.8757
28.7256
28.5814
28.4414
28.304
28.1679
28.0322
27.8966
27.7616
27.6274
27.4946
27.364
27.2365
27.1133
26.9955
26.8846
26.7822
26.6901
26.6106
26.5462
26.4998
26.4752
26.475
26.5098
26.5561
0.229047
0.330642
0.351799
0.348944
0.338523
0.328155
0.322551
0.324406
0.335314
0.356174
0.387438
0.429265
0.48163
0.544389
0.617319
0.700139
0.792515
0.894069
1.00439
1.12307
1.24969
1.38385
1.52517
1.67327
1.8278
1.98843
2.15483
2.32667
2.50365
2.68548
2.87189
3.06261
3.2574
3.45605
3.65835
3.86413
4.07323
4.28553
4.50091
4.71928
4.94059
5.16478
5.39182
5.6217
5.85443
6.09
6.32846
6.56982
6.81412
7.06139
7.31167
7.56496
7.82129
8.08066
8.34305
8.60844
8.87677
9.14799
9.422
9.69869
9.97795
10.2596
10.5436
10.8296
11.1175
11.4071
11.6983
11.9908
12.2845
12.5792
12.8747
13.171
13.4678
13.7652
14.0631
14.3614
14.6601
14.9592
15.2585
15.5582
15.8584
16.1592
16.4609
16.7642
17.0698
17.3786
17.6918
18.011
18.3379
18.6748
19.0242
19.3894
19.7736
20.1807
20.616
21.0858
21.5807
22.1069
22.6697
23.2741
23.9255
24.6291
25.3905
26.2147
27.1064
28.0695
29.1068
30.2193
31.4062
32.6638
33.9856
35.3611
36.7761
38.2121
39.6462
41.0517
42.3985
43.6547
44.7875
45.7655
46.5609
47.1512
47.5209
47.6636
47.5814
47.2857
46.7958
46.1371
45.3399
44.4365
43.4595
42.4397
41.4052
40.3798
39.3831
38.4298
37.5304
36.6917
35.9169
35.2067
34.5599
33.9736
33.4438
32.9661
32.5356
32.1473
31.7964
31.4785
31.1895
30.9259
30.6849
30.464
30.2612
30.0747
29.9028
29.7437
29.5952
29.4549
29.3206
29.19
29.0615
28.9336
28.8063
28.6794
28.5534
28.4287
28.3061
28.1864
28.071
27.961
27.858
27.7637
27.68
27.6093
27.554
27.5172
27.5026
27.5128
27.5575
27.6162
0.262975
0.331698
0.327131
0.306569
0.283623
0.26593
0.258191
0.262837
0.28115
0.313761
0.360891
0.422499
0.498373
0.588194
0.691557
0.807989
0.936934
1.07776
1.2298
1.39235
1.56475
1.74634
1.93649
2.13459
2.34003
2.55225
2.77068
2.99477
3.22398
3.45783
3.69584
3.93757
4.18262
4.43063
4.68129
4.93433
5.18951
5.44664
5.70559
5.96624
6.22853
6.49243
6.75795
7.0251
7.29397
7.56464
7.83722
8.11183
8.38861
8.6677
8.94926
9.23342
9.52032
9.81007
10.1028
10.3985
10.6974
10.9995
11.3046
11.613
11.9245
12.239
12.5564
12.8767
13.1998
13.5254
13.8535
14.1838
14.5163
14.8509
15.1873
15.5255
15.8656
16.2073
16.5507
16.8958
17.2426
17.5911
17.9413
18.2933
18.6472
19.0033
19.3621
19.7243
20.0908
20.4628
20.8418
21.2295
21.6282
22.0404
22.4692
22.918
23.3908
23.8926
24.4313
24.9954
25.5901
26.2204
26.8913
27.608
28.3754
29.1987
30.0827
31.0316
32.0493
33.1383
34.2994
35.5318
36.8317
38.1926
39.6043
41.0523
42.5182
43.979
45.4076
46.7731
48.0425
49.1815
50.1569
50.9384
51.5014
51.8282
51.9104
51.7491
51.3554
50.749
49.9573
49.0126
47.9503
46.8062
45.6148
44.4073
43.2106
42.0466
40.9323
39.8796
38.8962
37.9861
37.1504
36.3879
35.6955
35.0691
34.5039
33.9945
33.5355
33.1214
32.7473
32.4084
32.1007
31.8206
31.5652
31.3323
31.1201
30.927
30.7513
30.5912
30.4444
30.3083
30.1802
30.0573
29.9375
29.8188
29.701
29.5839
29.4676
29.3526
29.2394
29.1292
29.023
28.9223
28.8286
28.7437
28.6696
28.6088
28.5638
28.5376
28.5339
28.5554
28.6108
28.6832
0.346148
0.350188
0.309406
0.266554
0.229551
0.207977
0.206795
0.228043
0.272747
0.341182
0.433039
0.547577
0.683756
0.840334
1.01594
1.20911
1.41831
1.64191
1.87836
2.12618
2.38401
2.65061
2.92484
3.20564
3.49199
3.78297
4.0777
4.37533
4.67513
4.97639
5.27851
5.58095
5.88324
6.18501
6.48594
6.78581
7.08444
7.38175
7.67769
7.97228
8.26562
8.55782
8.84907
9.1396
9.42968
9.71961
10.0097
10.3004
10.5919
10.8848
11.1793
11.4758
11.7748
12.0764
12.3811
12.6891
13.0007
13.3161
13.6355
13.959
14.2867
14.6186
14.9548
15.2952
15.6398
15.9886
16.3413
16.698
17.0585
17.4228
17.7906
18.162
18.537
18.9155
19.2975
19.6831
20.0723
20.4653
20.8619
21.2624
21.6668
22.0757
22.4896
22.9094
23.3363
23.7718
24.2175
24.6757
25.1489
25.6401
26.1528
26.6909
27.2593
27.8659
28.5003
29.1643
29.8629
30.6012
31.384
32.2161
33.1022
34.0468
35.0537
36.1264
37.2669
38.4762
39.7529
41.0933
42.4907
43.935
45.4118
46.9026
48.3842
49.8293
51.2068
52.4825
53.6211
54.5879
55.3506
55.8825
56.1641
56.1851
55.9456
55.4562
54.7371
53.8169
52.73
51.5144
50.2089
48.8513
47.4757
46.1118
44.784
43.5111
42.3064
41.1789
40.1331
39.1706
38.2903
37.4892
36.7631
36.1069
35.5147
34.9809
34.4994
34.0648
33.6718
33.3157
32.9922
32.6979
32.4301
32.1866
31.9657
31.7662
31.5864
31.4248
31.279
31.1463
31.0237
30.9082
30.7971
30.6884
30.5803
30.4736
30.3679
30.2634
30.1607
30.0609
29.9651
29.8747
29.7914
29.7169
29.6535
29.6035
29.5696
29.5549
29.5629
29.5964
29.6632
29.7505
0.526029
0.375619
0.270586
0.20011
0.171799
0.193831
0.268669
0.395011
0.569253
0.786458
1.04105
1.32736
1.64004
1.97423
2.32562
2.69047
3.06544
3.44765
3.83475
4.22483
4.61633
5.00798
5.39867
5.78742
6.17334
6.55563
6.93357
7.30651
7.67392
8.03536
8.39049
8.73905
9.08089
9.41593
9.74418
10.0657
10.3807
10.6893
10.9918
11.2886
11.5801
11.8667
12.1489
12.4274
12.7027
12.9755
13.2466
13.5166
13.7862
14.0563
14.3275
14.6006
14.8762
15.1551
15.4378
15.7249
16.017
16.3145
16.6178
16.9273
17.2433
17.5659
17.8952
18.2315
18.5746
18.9246
19.2814
19.645
20.0152
20.392
20.7752
21.1649
21.5609
21.9633
22.372
22.7872
23.2089
23.6371
24.072
24.5135
24.962
25.418
25.8822
26.3558
26.8403
27.3373
27.8491
28.3781
28.9272
29.5
30.1004
30.7329
31.4053
32.1068
32.8384
33.6041
34.4087
35.2567
36.1526
37.1009
38.1053
39.1696
40.2965
41.4878
42.7438
44.0631
45.4417
46.8728
48.346
49.8471
51.3574
52.8538
54.3089
55.6911
56.9658
58.0967
59.048
59.7859
60.282
60.5151
60.4735
60.1561
59.5731
58.7452
57.7017
56.4789
55.1171
53.6577
52.1411
50.6043
49.0795
47.5932
46.1658
44.8123
43.5425
42.3619
41.2724
40.2732
39.3616
38.5332
37.7827
37.1043
36.4918
35.939
35.4399
34.9886
34.58
34.2093
33.8723
33.5657
33.2867
33.0334
32.8043
32.5982
32.4138
32.2495
32.1034
31.9726
31.8542
31.7447
31.6414
31.5419
31.4435
31.347
31.2519
31.1583
31.0666
30.9778
30.893
30.8137
30.7414
30.6781
30.626
30.5875
30.5654
30.5627
30.583
30.6292
30.708
30.811
0.695275
0.223579
0.210762
0.399292
0.728973
1.1727
1.70291
2.29078
2.91265
3.5507
4.19213
4.82815
5.45309
6.06345
6.65723
7.23341
7.79149
8.33181
8.85526
9.36238
9.85361
10.3293
10.7899
11.2354
11.6661
12.082
12.4833
12.8701
13.2426
13.6011
13.9459
14.2773
14.5957
14.9016
15.1953
15.4772
15.748
16.0081
16.258
16.4985
16.7302
16.9539
17.1704
17.3805
17.5853
17.7858
17.9829
18.1778
18.3717
18.5656
18.7607
18.9581
19.1591
19.3646
19.5757
19.7935
20.0188
20.2525
20.4954
20.7479
21.0108
21.2843
21.5689
21.8647
22.1719
22.4906
22.8206
23.162
23.5146
23.8783
24.253
24.6385
25.0347
25.4416
25.8591
26.2872
26.726
27.1755
27.6357
28.1066
28.5886
29.0823
29.5887
30.1092
30.6457
31.2001
31.7751
32.3735
32.9986
33.6546
34.3457
35.0782
35.8402
36.6339
37.4623
38.3294
39.2392
40.1958
41.2032
42.2649
43.3839
44.5625
45.8019
47.1021
48.461
49.8744
51.3352
52.8328
54.3529
55.8769
57.3814
58.8391
60.2181
61.4836
62.5987
63.5265
64.2326
64.687
64.8674
64.7607
64.3652
63.6906
62.7576
61.5965
60.2451
58.7452
57.1408
55.4743
53.7851
52.1074
50.4696
48.8938
47.3962
45.9876
44.6742
43.4585
42.3404
41.317
40.3844
39.5371
38.7693
38.0747
37.4467
36.879
36.3655
35.9004
35.4786
35.0952
34.7464
34.4287
34.1396
33.8771
33.6399
33.4269
33.237
33.069
32.9208
32.7901
32.6738
32.5685
32.4713
32.3795
32.2904
32.2031
32.1179
32.0348
31.954
31.8762
31.8026
31.7345
31.6736
31.6219
31.5815
31.5549
31.5449
31.5546
31.5874
31.6467
31.7379
31.8574
1.66637
2.63882
4.59137
6.49929
8.22782
9.76626
11.1124
12.2782
13.287
14.1651
14.9373
15.6243
16.243
16.8064
17.3242
17.804
18.2517
18.6762
19.0846
19.4745
19.8461
20.1994
20.5348
20.8526
21.1532
21.437
21.7047
21.9569
22.1941
22.4171
22.6264
22.8225
23.0058
23.1769
23.3361
23.4839
23.6207
23.747
23.8633
23.9703
24.0684
24.1586
24.2415
24.3181
24.3892
24.4558
24.5191
24.5803
24.6405
24.7011
24.7636
24.8293
24.8998
24.9765
25.061
25.1548
25.2592
25.3756
25.5053
25.6493
25.8086
25.984
26.1762
26.3857
26.6129
26.8579
27.1208
27.4017
27.7004
28.0168
28.3506
28.7017
29.0697
29.4545
29.8561
30.2742
30.7088
31.1598
31.6271
32.1108
32.6112
33.129
33.6656
34.2228
34.8027
35.4079
36.0411
36.7057
37.4054
38.1459
38.9266
39.7386
40.5847
41.4672
42.3892
43.354
44.365
45.4257
46.5391
47.7075
48.9328
50.2155
51.555
52.9487
54.3918
55.8768
57.3929
58.9256
60.456
61.9609
63.4128
64.7798
66.0269
67.117
68.0128
68.679
69.085
69.2075
69.0328
68.5584
67.7938
66.7597
65.4873
64.0151
62.3867
60.6473
58.8415
57.0101
55.1892
53.4086
51.6918
50.056
48.5131
47.0701
45.7303
44.4937
43.3582
42.32
41.3739
40.514
39.734
39.0272
38.3872
37.8075
37.282
36.8052
36.3717
35.9772
35.6176
35.2897
34.991
34.7197
34.4744
34.2542
34.0581
33.885
33.7332
33.6005
33.484
33.3807
33.2873
33.2011
33.1197
33.0406
32.9641
32.8905
32.8197
32.7525
32.6897
32.6327
32.5832
32.5429
32.5142
32.4996
32.5017
32.5239
32.5694
32.6419
32.7457
32.882
54.0087
51.3756
48.9703
46.6591
44.5291
42.6796
41.1336
39.8743
38.8704
38.0839
37.4745
37.004
36.6384
36.3494
36.1147
35.9172
35.7447
35.5835
35.423
35.2694
35.134
35.0118
34.8997
34.7955
34.6975
34.6044
34.5153
34.4291
34.3449
34.2619
34.179
34.0957
34.0112
33.9249
33.8364
33.7454
33.6516
33.5551
33.4556
33.3534
33.2484
33.1409
33.0311
32.9194
32.806
32.6916
32.5767
32.462
32.3486
32.2374
32.1296
32.0267
31.9299
31.841
31.7617
31.6936
31.6387
31.5985
31.575
31.5697
31.5843
31.62
31.6781
31.7597
31.8656
31.9964
32.1525
32.3341
32.5415
32.7744
33.0327
33.3162
33.6245
33.9575
34.3148
34.6962
35.1016
35.5307
35.9833
36.4594
36.9593
37.4842
38.0358
38.6164
39.2284
39.8746
40.5589
41.284
42.0561
42.8664
43.713
44.5971
45.5206
46.4857
47.4949
48.5508
49.6563
50.8136
52.0247
53.2905
54.6112
55.9854
57.4099
58.8793
60.3857
61.9179
63.4608
64.9956
66.4987
67.9425
69.295
70.5211
71.5834
72.4444
73.0684
73.4243
73.4884
73.2465
72.6958
71.8458
70.7176
69.3426
67.7602
66.0151
64.1536
62.2213
60.2604
58.3081
56.3953
54.5466
52.7803
51.109
49.5408
48.0795
46.726
45.4787
44.3341
43.2874
42.333
41.4646
40.6757
39.9596
39.3098
38.72
38.1842
37.6969
37.253
36.8481
36.4785
36.1409
35.8331
35.553
35.2996
35.0717
34.8687
34.6894
34.5324
34.3957
34.2768
34.1727
34.0806
33.9976
33.9213
33.8494
33.78
33.7143
33.6524
33.5946
33.5419
33.4954
33.4566
33.4275
33.4101
33.4071
33.4212
33.4556
33.5137
33.5993
33.7158
33.869
84.3264
83.6267
82.8055
81.791
80.5897
79.2421
77.7702
76.1901
74.5233
72.7964
71.0384
69.2783
67.5432
65.8575
64.2412
62.7094
61.2724
59.9345
58.6955
57.5498
56.4823
55.4918
54.5741
53.7237
52.934
52.1982
51.5098
50.8626
50.2512
49.6711
49.1185
48.5903
48.0839
47.5972
47.1285
46.6763
46.2391
45.8157
45.4048
45.0053
44.6162
44.2363
43.8649
43.5012
43.1446
42.7946
42.451
42.1136
41.7827
41.4586
41.1419
40.8332
40.5337
40.2445
39.967
39.7028
39.4537
39.2216
39.0085
38.8164
38.6474
38.5036
38.3866
38.2984
38.2405
38.2141
38.2204
38.26
38.3336
38.4415
38.5837
38.7603
38.971
39.2156
39.4938
39.8053
40.1498
40.5272
40.9371
41.3793
41.8546
42.3645
42.9113
43.4979
44.1275
44.8021
45.5292
46.3032
47.1175
47.9741
48.8735
49.8165
50.8044
51.8388
52.9214
54.054
55.2382
56.4752
57.7652
59.1075
60.5
61.939
63.4183
64.9295
66.4607
67.9967
69.5183
71.0021
72.4202
73.7412
74.93
75.9497
76.763
77.3345
77.6334
77.636
77.328
76.7065
75.7807
74.5714
73.11
71.4358
69.5935
67.6296
65.5903
63.5182
61.4512
59.421
57.4529
55.5664
53.775
52.0877
50.5094
49.0418
47.684
46.4332
45.2851
44.2345
43.2755
42.4015
41.6061
40.8826
40.2247
39.6262
39.0812
38.5844
38.1309
37.7164
37.3373
36.9905
36.6736
36.3849
36.1231
35.8872
35.6765
35.4898
35.3261
35.1835
35.0599
34.9525
34.8588
34.776
34.7019
34.6341
34.571
34.5114
34.4562
34.4062
34.3619
34.3244
34.2951
34.2758
34.2687
34.2762
34.3012
34.347
34.4169
34.5149
34.6436
34.8131
97.5186
97.3347
97.1448
96.9448
96.7146
96.4506
96.1482
95.7965
95.3845
94.9042
94.3459
93.7009
92.9622
92.1248
91.1865
90.1477
89.012
87.7861
86.4796
85.1042
83.6728
82.2002
80.702
79.1941
77.6917
76.2088
74.7574
73.3473
71.986
70.6784
69.4274
68.2338
67.0968
66.0144
64.9837
64.0012
63.0631
62.1657
61.3053
60.4785
59.6824
58.914
58.1712
57.4518
56.7541
56.0765
55.4177
54.7767
54.1524
53.5444
52.952
52.3749
51.8133
51.2672
50.7372
50.2243
49.7294
49.2542
48.8002
48.3694
47.964
47.5864
47.2388
46.9236
46.6433
46.3998
46.1952
46.0312
45.9091
45.8302
45.7952
45.8046
45.8587
45.9578
46.1016
46.2901
46.5233
46.8009
47.1227
47.4887
47.9004
48.3608
48.873
49.4401
50.0684
50.7527
51.4842
52.266
53.0973
53.9784
54.9094
55.8906
56.9225
58.0058
59.1411
60.3289
61.5693
62.8616
64.2041
65.5937
67.0256
68.493
69.9864
71.4933
72.9978
74.4803
75.917
77.2803
78.5386
79.6575
80.6005
81.3312
81.8152
82.0227
81.9308
81.5263
80.807
79.7828
78.4747
76.9142
75.1406
73.1983
71.1336
68.9922
66.8164
64.6437
62.5057
60.4281
58.4304
56.527
54.7275
53.0376
51.4598
49.9941
48.6383
47.389
46.2413
45.1897
44.2282
43.3504
42.5498
41.82
41.1547
40.548
39.9942
39.4881
39.0251
38.601
38.2123
37.856
37.5298
37.232
36.9612
36.7165
36.4971
36.302
36.13
35.9795
35.8487
35.7353
35.6369
35.551
35.4754
35.4082
35.3476
35.2924
35.242
35.197
35.1586
35.1279
35.106
35.0946
35.0959
35.1122
35.1464
35.202
35.2822
35.3905
35.5278
35.7089
100.865
100.829
100.784
100.73
100.662
100.582
100.5
100.419
100.338
100.254
100.167
100.073
99.9689
99.8513
99.7149
99.5543
99.3632
99.1353
98.8638
98.5419
98.1628
97.7202
97.2082
96.622
95.9584
95.2155
94.3934
93.4942
92.5219
91.4822
90.3826
89.2318
88.0394
86.8153
85.5699
84.313
83.0537
81.8005
80.5604
79.3393
78.142
76.9717
75.8308
74.7204
73.641
72.5922
71.5732
70.5829
69.6201
68.6834
67.7715
66.8834
66.0181
65.175
64.3537
63.5542
62.7769
62.0224
61.2918
60.5864
59.9078
59.2582
58.6399
58.0552
57.507
56.998
56.5309
56.1084
55.7331
55.4072
55.1329
54.9116
54.7449
54.6336
54.5787
54.5808
54.6403
54.7577
54.9332
55.1682
55.4667
55.8351
56.278
56.7887
57.3587
57.9907
58.683
59.4355
60.2474
61.118
62.0467
63.0329
64.0759
65.175
66.3294
67.5376
68.7978
70.1069
71.4604
72.8525
74.2749
75.7169
77.1651
78.6026
80.009
81.36
82.6277
83.7808
84.7852
85.6056
86.2068
86.5562
86.6259
86.3954
85.8535
85.0001
83.8465
82.415
80.7375
78.853
76.8053
74.6396
72.4001
70.1277
67.8586
65.6233
63.4467
61.3482
59.3423
57.4389
55.6444
53.9621
52.3928
50.9351
49.5862
48.342
47.1976
46.1473
45.1852
44.3049
43.5002
42.7648
42.0928
41.4783
40.916
40.4008
39.9284
39.4946
39.0962
38.7302
38.3944
38.0871
37.807
37.553
37.3242
37.1198
36.9385
36.7789
36.6393
36.5177
36.412
36.32
36.2398
36.1696
36.1078
36.0532
36.0052
35.9636
35.9289
35.9023
35.8853
35.8795
35.8869
35.91
35.9512
36.0132
36.0996
36.2142
36.3579
36.5481
101.644
101.635
101.616
101.592
101.564
101.536
101.512
101.493
101.482
101.477
101.479
101.487
101.5
101.517
101.536
101.557
101.578
101.599
101.617
101.63
101.637
101.634
101.62
101.59
101.541
101.47
101.373
101.245
101.081
100.877
100.629
100.331
99.9795
99.5708
99.1018
98.5702
97.9749
97.3157
96.5938
95.8114
94.9719
94.0796
93.1398
92.1584
91.1417
90.0964
89.0291
87.9461
86.8537
85.7574
84.662
83.5721
82.4911
81.4222
80.3679
79.3301
78.3106
77.3107
76.3319
75.3754
74.4428
73.5358
72.6565
71.8072
70.9906
70.2097
69.4678
68.7684
68.115
67.5112
66.9604
66.4658
66.0303
65.6567
65.3472
65.104
64.9292
64.8245
64.7917
64.837
64.9752
65.1963
65.4932
65.8673
66.3169
66.8411
67.4388
68.1084
68.8485
69.6573
70.5331
71.4739
72.4774
73.5411
74.6621
75.8365
77.0597
78.3255
79.6264
80.9524
82.2914
83.6283
84.9451
86.2201
87.4284
88.5419
89.5293
90.3574
90.9926
91.4017
91.555
91.4281
91.0041
90.2754
89.2453
87.9275
86.346
84.5331
82.5274
80.3709
78.1065
75.7758
73.4169
71.0634
68.7436
66.4812
64.2944
62.1975
60.2006
58.3106
56.5314
54.8645
53.3095
51.8644
50.5259
49.2896
48.1505
47.1031
46.1415
45.2597
44.4515
43.7111
43.0327
42.4107
41.84
41.3158
40.8338
40.3902
39.9818
39.6058
39.2601
38.9429
38.6529
38.389
38.1504
37.936
37.7447
37.5752
37.4257
37.2945
37.1797
37.0794
36.992
36.9157
36.8493
36.7918
36.7423
36.7007
36.6672
36.6425
36.628
36.625
36.6355
36.6616
36.7061
36.7716
36.8616
36.9801
37.1276
37.324
101.842
101.85
101.851
101.848
101.843
101.837
101.834
101.834
101.84
101.853
101.872
101.9
101.935
101.977
102.027
102.084
102.148
102.216
102.29
102.368
102.449
102.534
102.62
102.707
102.794
102.88
102.964
103.045
103.121
103.191
103.253
103.305
103.346
103.373
103.384
103.376
103.346
103.292
103.209
103.095
102.947
102.759
102.53
102.256
101.934
101.561
101.136
100.656
100.123
99.5349
98.8937
98.2012
97.4599
96.6732
95.8451
94.9801
94.0832
93.1597
92.215
91.2546
90.2842
89.3091
88.3348
87.3665
86.4095
85.4687
84.5493
83.6563
82.7948
81.9696
81.186
80.4489
79.7631
79.1334
78.5646
78.0611
77.6275
77.2679
76.9876
76.8078
76.7146
76.7111
76.7969
76.9719
77.2351
77.5853
78.0209
78.5398
79.1397
79.8176
80.5704
81.3944
82.2854
83.2385
84.2481
85.3073
86.4081
87.5406
88.6931
89.8513
90.9985
92.115
93.1779
94.1618
95.0382
95.7766
96.3457
96.714
96.8523
96.7352
96.3433
95.6651
94.6981
93.4495
91.9363
90.184
88.2245
86.0948
83.8337
81.4803
79.0717
76.6419
74.2206
71.8334
69.5014
67.2418
65.0682
62.9906
61.0163
59.1497
57.3934
55.7476
54.2114
52.7821
51.4563
50.2297
49.0973
48.0538
47.0935
46.2106
45.3994
44.6541
43.9693
43.3397
42.7604
42.2269
41.735
41.2812
40.8623
40.4758
40.1194
39.7916
39.4911
39.2167
38.9674
38.7424
38.5405
38.3602
38.2001
38.0584
37.9333
37.8233
37.7267
37.6421
37.5685
37.5049
37.4506
37.4055
37.3696
37.3435
37.3282
37.3249
37.3354
37.3618
37.4066
37.4727
37.5634
37.6828
37.8314
38.0307
101.87
101.887
101.898
101.906
101.913
101.921
101.93
101.943
101.962
101.987
102.018
102.056
102.102
102.154
102.215
102.282
102.356
102.437
102.524
102.617
102.715
102.819
102.928
103.041
103.159
103.279
103.403
103.53
103.659
103.79
103.922
104.054
104.187
104.32
104.452
104.582
104.71
104.835
104.956
105.072
105.181
105.284
105.377
105.461
105.532
105.59
105.631
105.654
105.656
105.635
105.587
105.51
105.4
105.255
105.071
104.846
104.579
104.265
103.905
103.497
103.041
102.538
101.988
101.396
100.762
100.093
99.3922
98.6661
97.9212
97.1649
96.4051
95.65
94.9084
94.1889
93.5005
92.8518
92.2515
91.7077
91.2312
90.832
90.5118
90.2758
90.1271
90.068
90.0995
90.2217
90.4338
90.734
91.1195
91.587
92.1319
92.749
93.432
94.1734
94.9646
95.7953
96.6538
97.5261
98.3961
99.2453
100.053
100.795
101.446
101.978
102.364
102.574
102.582
102.363
101.9
101.179
100.195
98.9505
97.458
95.7361
93.8103
91.7108
89.4704
87.1229
84.7016
82.2376
79.7596
77.2928
74.8593
72.4777
70.1638
67.9302
65.787
63.7416
61.7994
59.9635
58.2353
56.6145
55.0997
53.6883
52.3768
51.1609
50.036
48.9968
48.038
47.1541
46.3397
45.5894
44.8979
44.2603
43.6719
43.1284
42.626
42.1613
41.7311
41.3331
40.9653
40.6259
40.3137
40.0277
39.7669
39.5303
39.3167
39.1249
38.9533
38.8003
38.6643
38.5435
38.4366
38.3423
38.2595
38.1876
38.1259
38.0744
38.0329
38.0021
37.9827
37.9759
37.9833
38.0067
38.0487
38.1122
38.2004
38.3175
38.4642
38.6625
101.847
101.869
101.887
101.902
101.918
101.934
101.952
101.973
101.999
102.03
102.067
102.111
102.161
102.218
102.282
102.353
102.431
102.515
102.606
102.703
102.806
102.916
103.03
103.15
103.275
103.404
103.538
103.676
103.818
103.964
104.113
104.265
104.42
104.578
104.739
104.902
105.067
105.234
105.402
105.573
105.744
105.917
106.09
106.263
106.437
106.61
106.782
106.952
107.12
107.286
107.448
107.605
107.756
107.899
108.035
108.159
108.272
108.37
108.452
108.515
108.556
108.574
108.564
108.525
108.454
108.348
108.207
108.029
107.813
107.56
107.272
106.952
106.602
106.23
105.842
105.445
105.049
104.666
104.319
103.988
103.686
103.425
103.212
103.056
102.963
102.938
102.982
103.098
103.283
103.537
103.853
104.228
104.653
105.12
105.617
106.132
106.649
107.153
107.623
108.038
108.376
108.613
108.724
108.684
108.472
108.065
107.448
106.61
105.544
104.253
102.743
101.029
99.129
97.066
94.8655
92.5542
90.159
87.7062
85.2204
82.7247
80.2401
77.7853
75.3769
73.0292
70.7544
68.5623
66.461
64.4564
62.5524
60.7516
59.0548
57.4615
55.97
54.5778
53.2815
52.0771
50.9601
49.9257
48.9687
48.0841
47.2667
46.5113
45.8132
45.1675
44.57
44.0165
43.5034
43.0275
42.5859
42.1762
41.7965
41.4453
41.1213
40.8234
40.5507
40.3022
40.0769
39.8736
39.6907
39.5268
39.3801
39.249
39.1322
39.0283
38.9364
38.8558
38.7859
38.7267
38.6783
38.6409
38.6155
38.603
38.6048
38.6228
38.6595
38.7176
38.8004
38.9123
39.0544
39.2484
101.813
101.839
101.862
101.883
101.905
101.928
101.952
101.98
102.011
102.047
102.089
102.137
102.19
102.25
102.317
102.39
102.47
102.556
102.648
102.747
102.851
102.962
103.078
103.2
103.327
103.459
103.596
103.738
103.884
104.035
104.189
104.348
104.511
104.678
104.849
105.023
105.201
105.383
105.568
105.757
105.95
106.146
106.345
106.549
106.755
106.966
107.18
107.398
107.62
107.845
108.074
108.307
108.543
108.783
109.025
109.271
109.519
109.77
110.022
110.275
110.529
110.781
111.032
111.28
111.524
111.762
111.991
112.212
112.421
112.617
112.797
112.961
113.107
113.233
113.34
113.429
113.504
113.566
113.602
113.617
113.613
113.597
113.574
113.552
113.537
113.536
113.555
113.598
113.666
113.762
113.882
114.023
114.18
114.342
114.501
114.643
114.754
114.818
114.816
114.73
114.541
114.23
113.779
113.172
112.397
111.443
110.306
108.983
107.479
105.802
103.962
101.976
99.8592
97.632
95.314
92.9255
90.4866
88.0172
85.536
83.0611
80.609
78.1949
75.8323
73.5332
71.3076
69.164
67.1092
65.1482
63.2844
61.5197
59.8548
58.2891
56.821
55.4479
54.1668
52.9737
51.8645
50.8347
49.8794
48.9938
48.173
47.4124
46.7071
46.0529
45.4456
44.8814
44.3569
43.8689
43.4148
42.9925
42.5999
42.2357
41.8986
41.5876
41.3019
41.0405
40.8024
40.5865
40.3915
40.2159
40.0581
39.9166
39.7899
39.6766
39.5757
39.4865
39.4084
39.3412
39.2849
39.2399
39.2069
39.1868
39.1809
39.1911
39.2196
39.2692
39.3434
39.4465
39.5803
39.7651
101.769
101.8
101.827
101.854
101.882
101.911
101.941
101.975
102.012
102.053
102.099
102.15
102.207
102.27
102.339
102.414
102.495
102.582
102.675
102.774
102.879
102.99
103.106
103.228
103.355
103.488
103.625
103.768
103.915
104.067
104.223
104.384
104.55
104.72
104.894
105.073
105.256
105.443
105.635
105.831
106.032
106.238
106.448
106.663
106.883
107.108
107.338
107.574
107.815
108.063
108.316
108.576
108.842
109.114
109.394
109.68
109.973
110.274
110.582
110.897
111.22
111.549
111.886
112.229
112.579
112.935
113.297
113.663
114.034
114.408
114.785
115.164
115.544
115.923
116.302
116.679
117.047
117.405
117.75
118.082
118.396
118.692
118.967
119.22
119.448
119.653
119.832
119.985
120.112
120.211
120.28
120.315
120.312
120.266
120.169
120.013
119.788
119.483
119.088
118.59
117.979
117.244
116.376
115.368
114.214
112.914
111.465
109.872
108.14
106.277
104.292
102.199
100.01
97.7395
95.4038
93.0185
90.5996
88.1633
85.7253
83.3006
80.9035
78.5469
76.2427
74.0014
71.8319
69.7417
67.7368
65.8216
63.9992
62.2714
60.6386
59.1004
57.6551
56.3005
55.0336
53.8508
52.7483
51.7216
50.7665
49.8783
49.0525
48.2846
47.5703
46.9055
46.2863
45.7091
45.1707
44.6683
44.1993
43.7617
43.3537
42.974
42.6213
42.2946
41.9933
41.7164
41.463
41.2322
41.0228
40.8334
40.6625
40.5088
40.3707
40.2469
40.1362
40.0376
39.9506
39.8747
39.8098
39.7561
39.7141
39.6846
39.6689
39.6685
39.6858
39.7235
39.7852
39.8751
39.9963
40.1657
101.718
101.753
101.785
101.818
101.851
101.886
101.922
101.962
102.004
102.05
102.101
102.156
102.217
102.282
102.353
102.43
102.512
102.6
102.694
102.793
102.898
103.009
103.125
103.246
103.373
103.505
103.642
103.784
103.93
104.082
104.238
104.399
104.565
104.735
104.91
105.09
105.274
105.463
105.657
105.855
106.059
106.268
106.482
106.701
106.926
107.156
107.392
107.635
107.884
108.139
108.402
108.671
108.948
109.232
109.524
109.824
110.133
110.45
110.775
111.11
111.454
111.806
112.168
112.539
112.919
113.307
113.704
114.11
114.523
114.943
115.37
115.802
116.24
116.68
117.122
117.565
118.005
118.442
118.872
119.294
119.706
120.103
120.482
120.839
121.171
121.473
121.741
121.97
122.155
122.292
122.374
122.398
122.356
122.243
122.052
121.778
121.412
120.949
120.381
119.703
118.908
117.992
116.95
115.78
114.481
113.052
111.497
109.818
108.022
106.115
104.107
102.008
99.8291
97.583
95.2833
92.9436
90.5782
88.2014
85.8269
83.4684
81.1385
78.849
76.6105
74.4324
72.323
70.289
68.336
66.4681
64.6881
62.9975
61.397
59.8861
58.4632
57.1265
55.8729
54.6994
53.6022
52.5774
51.6208
50.7282
49.8953
49.1181
48.3924
47.7145
47.0807
46.4879
45.9329
45.4132
44.9265
44.4707
44.0444
43.6462
43.275
42.9299
42.6101
42.315
42.0436
41.7952
41.5687
41.363
41.1766
41.0084
40.8568
40.7205
40.5983
40.4891
40.392
40.3064
40.232
40.1686
40.1166
40.0764
40.049
40.036
40.0393
40.0617
40.1069
40.1793
40.283
40.4296
101.663
101.703
101.74
101.778
101.817
101.857
101.9
101.945
101.993
102.044
102.099
102.158
102.222
102.291
102.364
102.443
102.526
102.615
102.71
102.81
102.915
103.025
103.141
103.261
103.387
103.518
103.654
103.795
103.94
104.091
104.246
104.406
104.571
104.74
104.914
105.093
105.277
105.466
105.659
105.858
106.062
106.271
106.485
106.705
106.931
107.162
107.4
107.644
107.894
108.152
108.416
108.688
108.967
109.254
109.549
109.852
110.164
110.484
110.814
111.152
111.5
111.857
112.223
112.599
112.984
113.377
113.779
114.19
114.608
115.034
115.466
115.903
116.345
116.79
117.237
117.684
118.129
118.57
119.006
119.432
119.848
120.248
120.631
120.991
121.325
121.627
121.893
122.118
122.296
122.421
122.488
122.489
122.42
122.274
122.044
121.725
121.31
120.794
120.172
119.439
118.591
117.625
116.539
115.331
114.001
112.552
110.985
109.306
107.52
105.633
103.655
101.594
99.4626
97.2713
95.0325
92.759
90.4637
88.1596
85.8595
83.5757
81.3198
79.1025
76.9337
74.822
72.775
70.799
68.8991
67.0792
65.3419
63.6888
62.1204
60.6363
59.2353
57.9154
56.6741
55.5084
54.4149
53.39
52.4297
51.5303
50.6877
49.8983
49.1582
48.464
47.8125
47.2006
46.6255
46.0851
45.577
45.0997
44.6516
44.2315
43.8385
43.4718
43.1306
42.8143
42.5221
42.2534
42.0072
41.7824
41.578
41.3926
41.2251
41.0739
40.938
40.8161
40.7071
40.6102
40.5248
40.4503
40.3867
40.3342
40.2933
40.2652
40.2516
40.2551
40.2794
40.329
40.4097
40.5243
101.611
101.655
101.697
101.74
101.784
101.83
101.878
101.928
101.981
102.038
102.097
102.161
102.228
102.3
102.376
102.457
102.542
102.632
102.728
102.828
102.933
103.043
103.159
103.279
103.404
103.534
103.668
103.808
103.952
104.101
104.255
104.414
104.577
104.745
104.918
105.095
105.278
105.465
105.658
105.855
106.057
106.265
106.479
106.697
106.922
107.152
107.389
107.632
107.881
108.137
108.4
108.67
108.948
109.233
109.526
109.827
110.137
110.454
110.781
111.116
111.46
111.813
112.174
112.544
112.923
113.31
113.705
114.108
114.518
114.934
115.356
115.782
116.212
116.645
117.078
117.509
117.939
118.363
118.779
119.187
119.581
119.96
120.319
120.654
120.962
121.238
121.477
121.673
121.821
121.916
121.952
121.923
121.823
121.646
121.385
121.037
120.594
120.052
119.407
118.654
117.79
116.813
115.722
114.514
113.193
111.758
110.214
108.564
106.815
104.973
103.047
101.045
98.977
96.8547
94.6891
92.492
90.2753
88.051
85.8309
83.6263
81.4479
79.3056
77.2085
75.1647
73.1811
71.2638
69.4174
67.6455
65.9508
64.3346
62.7976
61.3394
59.9589
58.6543
57.4233
56.2632
55.1708
54.1428
53.1757
52.2659
51.4098
50.6041
49.8454
49.1305
48.4566
47.821
47.2212
46.6553
46.1214
45.618
45.1438
44.6977
44.279
43.8869
43.5209
43.1802
42.8642
42.5724
42.3038
42.0576
41.8326
41.6278
41.4418
41.2734
41.1213
40.9843
40.861
40.7505
40.6516
40.5637
40.4861
40.4186
40.3612
40.3145
40.2799
40.2595
40.2569
40.2765
40.3265
40.3966
101.567
101.615
101.662
101.709
101.759
101.81
101.863
101.918
101.976
102.037
102.101
102.168
102.239
102.314
102.393
102.476
102.564
102.656
102.752
102.853
102.959
103.069
103.184
103.304
103.428
103.557
103.691
103.829
103.972
104.12
104.272
104.429
104.591
104.757
104.928
105.104
105.285
105.47
105.661
105.856
106.057
106.263
106.474
106.691
106.914
107.142
107.376
107.616
107.863
108.116
108.376
108.642
108.916
109.197
109.485
109.781
110.085
110.397
110.716
111.044
111.38
111.724
112.075
112.435
112.803
113.177
113.559
113.947
114.342
114.741
115.145
115.553
115.962
116.373
116.783
117.191
117.594
117.991
118.38
118.758
119.121
119.468
119.793
120.094
120.367
120.607
120.809
120.969
121.08
121.139
121.14
121.076
120.943
120.735
120.446
120.072
119.607
119.047
118.387
117.625
116.758
115.783
114.699
113.506
112.206
110.8
109.292
107.685
105.985
104.199
102.335
100.4
98.4043
96.3581
94.2716
92.1558
90.0218
87.8805
85.7429
83.6193
81.5197
79.4533
77.4285
75.4527
73.5325
71.6734
69.8798
68.1551
66.5017
64.9211
63.4136
61.9791
60.6165
59.3242
58.1001
56.9417
55.8461
54.8103
53.8311
52.9054
52.03
51.2019
50.4181
49.676
48.973
48.307
47.6759
47.0781
46.512
45.9764
45.4703
44.9929
44.5435
44.1215
43.7264
43.3576
43.0145
42.6966
42.403
42.1328
41.885
41.6585
41.452
41.2642
41.0936
40.9389
40.7987
40.6715
40.556
40.4511
40.3555
40.2685
40.1896
40.1185
40.056
40.0037
39.9648
39.9435
39.9511
39.9586
101.536
101.589
101.639
101.691
101.745
101.801
101.859
101.919
101.982
102.047
102.115
102.186
102.261
102.339
102.421
102.506
102.596
102.689
102.787
102.889
102.995
103.106
103.221
103.34
103.464
103.593
103.725
103.863
104.005
104.151
104.302
104.457
104.617
104.782
104.951
105.125
105.304
105.488
105.676
105.87
106.068
106.272
106.48
106.695
106.914
107.14
107.371
107.608
107.85
108.1
108.355
108.617
108.886
109.161
109.443
109.732
110.029
110.332
110.643
110.961
111.286
111.619
111.958
112.304
112.657
113.016
113.381
113.751
114.125
114.504
114.886
115.269
115.654
116.037
116.419
116.798
117.17
117.535
117.89
118.232
118.559
118.868
119.155
119.417
119.649
119.848
120.009
120.128
120.2
120.22
120.182
120.083
119.916
119.676
119.36
118.961
118.476
117.9
117.23
116.463
115.596
114.628
113.559
112.387
111.115
109.743
108.276
106.718
105.073
103.347
101.549
99.685
97.7645
95.7967
93.7911
91.7579
89.7071
87.6491
85.5937
83.5507
81.5292
79.5376
77.5837
75.6745
73.8159
72.0131
70.2701
68.59
66.9751
65.4266
63.9449
62.5297
61.1801
59.8946
58.6712
57.5077
56.4014
55.3498
54.3501
53.3994
52.4951
51.6347
50.8158
50.0362
49.294
48.5875
47.9152
47.2757
46.6682
46.0918
45.5457
45.0294
44.5424
44.0842
43.6545
43.2528
42.8784
42.5308
42.2091
41.9123
41.6393
41.389
41.1597
40.9502
40.7586
40.5834
40.4228
40.2751
40.1384
40.0109
39.8912
39.7776
39.6687
39.5637
39.4625
39.3657
39.2761
39.1974
39.1455
39.0658
101.522
101.579
101.634
101.691
101.749
101.809
101.871
101.936
102.003
102.072
102.144
102.219
102.297
102.378
102.463
102.551
102.643
102.738
102.837
102.941
103.048
103.159
103.274
103.394
103.517
103.645
103.777
103.914
104.055
104.2
104.349
104.503
104.662
104.825
104.992
105.164
105.341
105.523
105.709
105.9
106.096
106.297
106.503
106.714
106.931
107.153
107.38
107.613
107.852
108.097
108.347
108.604
108.866
109.135
109.411
109.692
109.98
110.274
110.575
110.882
111.195
111.515
111.84
112.171
112.507
112.849
113.194
113.544
113.897
114.252
114.609
114.966
115.323
115.677
116.028
116.374
116.713
117.042
117.36
117.664
117.952
118.22
118.466
118.685
118.875
119.031
119.149
119.225
119.255
119.234
119.158
119.021
118.82
118.549
118.205
117.782
117.277
116.687
116.008
115.238
114.374
113.415
112.361
111.212
109.969
108.634
107.209
105.7
104.11
102.445
100.712
98.9182
97.0714
95.1801
93.2533
91.3002
89.3301
87.3523
85.3761
83.4104
81.4634
79.543
77.6564
75.8097
74.0086
72.2575
70.5601
68.9191
67.3365
65.8133
64.3497
62.9454
61.5995
60.3104
59.0765
57.8957
56.7658
55.6844
54.6493
53.6583
52.7093
51.8004
50.93
50.0965
49.2987
48.5356
47.8065
47.1106
46.4475
45.8169
45.2184
44.6518
44.1169
43.6135
43.141
42.6992
42.2873
41.9046
41.5501
41.2226
40.9207
40.6429
40.3875
40.1524
39.9357
39.7352
39.5487
39.3739
39.2084
39.0499
38.8963
38.7452
38.5947
38.443
38.289
38.1327
37.9763
37.8231
37.6949
37.507
101.532
101.593
101.652
101.712
101.774
101.838
101.905
101.973
102.044
102.117
102.193
102.272
102.353
102.437
102.525
102.615
102.709
102.806
102.907
103.012
103.12
103.232
103.348
103.467
103.591
103.719
103.85
103.986
104.126
104.271
104.419
104.572
104.729
104.89
105.056
105.226
105.401
105.581
105.765
105.953
106.147
106.345
106.548
106.757
106.97
107.188
107.412
107.641
107.875
108.115
108.36
108.611
108.867
109.129
109.397
109.67
109.949
110.233
110.523
110.819
111.12
111.425
111.736
112.051
112.37
112.693
113.019
113.347
113.677
114.008
114.339
114.669
114.997
115.321
115.64
115.952
116.256
116.549
116.829
117.094
117.342
117.568
117.772
117.948
118.095
118.207
118.282
118.316
118.304
118.243
118.128
117.954
117.719
117.417
117.045
116.598
116.074
115.47
114.781
114.007
113.145
112.194
111.155
110.026
108.81
107.508
106.123
104.659
103.12
101.511
99.8387
98.1092
96.3302
94.5094
92.6549
90.7752
88.879
86.9747
85.0707
83.1751
81.2955
79.4389
77.6116
75.8194
74.0668
72.3579
70.6958
69.0826
67.5199
66.0082
64.5477
63.1377
61.7773
60.4651
59.1996
57.9789
56.8013
55.6651
54.5685
53.5103
52.4891
51.5041
50.5543
49.6395
48.7593
47.9136
47.1026
46.3263
45.585
44.879
44.2085
43.5736
42.9742
42.4103
41.8815
41.3873
40.9268
40.499
40.1026
39.7359
39.3972
39.0843
38.7948
38.5263
38.2761
38.0413
37.8195
37.6079
37.404
37.2055
37.0099
36.8147
36.6173
36.4155
36.2076
35.9929
35.7731
35.5515
35.3562
35.0724
101.567
101.632
101.694
101.757
101.823
101.891
101.961
102.033
102.108
102.184
102.263
102.345
102.429
102.517
102.607
102.7
102.796
102.895
102.998
103.104
103.213
103.326
103.443
103.563
103.687
103.815
103.947
104.082
104.222
104.366
104.513
104.665
104.821
104.981
105.146
105.315
105.488
105.666
105.848
106.034
106.226
106.422
106.622
106.828
107.038
107.253
107.473
107.698
107.928
108.163
108.403
108.648
108.898
109.154
109.414
109.679
109.95
110.225
110.504
110.789
111.077
111.37
111.666
111.966
112.269
112.574
112.881
113.189
113.497
113.805
114.112
114.416
114.716
115.011
115.299
115.58
115.85
116.108
116.352
116.58
116.789
116.976
117.139
117.275
117.38
117.451
117.484
117.477
117.424
117.324
117.17
116.961
116.691
116.358
115.958
115.486
114.941
114.319
113.619
112.837
111.973
111.025
109.994
108.879
107.683
106.406
105.052
103.624
102.126
100.562
98.9392
97.2629
95.54
93.7777
91.9835
90.1651
88.3302
86.4866
84.6417
82.8027
80.9764
79.1687
77.3851
75.6302
73.908
72.2215
70.5729
68.9637
67.3948
65.8662
64.3777
62.9284
61.5173
60.1433
58.805
57.5011
56.2308
54.993
53.7874
52.6135
51.4716
50.362
49.2853
48.2424
47.2344
46.2624
45.3276
44.431
43.5738
42.7566
41.9803
41.2452
40.5515
39.8991
39.2875
38.716
38.1836
37.6888
37.23
36.8051
36.4119
36.0473
35.7085
35.3926
35.0973
34.8178
34.5534
34.3041
34.0693
33.8479
33.6353
33.427
33.2203
33.0123
32.7999
32.5811
32.3565
32.1278
31.9288
31.6169
101.625
101.692
101.757
101.824
101.892
101.963
102.036
102.111
102.188
102.267
102.349
102.433
102.52
102.609
102.702
102.797
102.895
102.996
103.1
103.207
103.318
103.432
103.549
103.67
103.795
103.923
104.055
104.191
104.33
104.474
104.621
104.772
104.928
105.087
105.251
105.418
105.59
105.767
105.947
106.132
106.322
106.516
106.714
106.917
107.125
107.337
107.554
107.776
108.002
108.233
108.469
108.71
108.955
109.204
109.459
109.717
109.98
110.247
110.519
110.793
111.072
111.354
111.638
111.925
112.214
112.504
112.795
113.086
113.376
113.665
113.951
114.233
114.511
114.781
115.044
115.298
115.54
115.769
115.983
116.179
116.356
116.51
116.639
116.739
116.809
116.844
116.842
116.799
116.711
116.575
116.388
116.146
115.845
115.483
115.055
114.559
113.992
113.351
112.634
111.84
110.968
110.016
108.984
107.874
106.686
105.422
104.085
102.677
101.203
99.6683
98.0767
96.4345
94.7478
93.0233
91.2677
89.4878
87.6905
85.8827
84.0707
82.2606
80.458
78.6675
76.8935
75.1394
73.4078
71.7005
70.0187
68.3629
66.7331
65.1288
63.5493
61.9938
60.4615
58.9515
57.4636
55.9977
54.5542
53.1339
51.7381
50.3687
49.0278
47.7179
46.4416
45.2017
44.001
42.8423
41.7281
40.6607
39.642
38.6738
37.7573
36.8935
36.0826
35.3249
34.6201
33.9672
33.3652
32.8123
32.3059
31.8425
31.4197
31.0259
30.6615
30.3294
30.0306
29.7679
29.5381
29.3364
29.1583
28.9991
28.8574
28.731
28.6149
28.4981
28.3737
28.2386
28.0921
27.9335
27.8031
27.5357
101.694
101.764
101.831
101.9
101.971
102.044
102.119
102.196
102.275
102.356
102.44
102.526
102.615
102.706
102.8
102.897
102.997
103.099
103.205
103.313
103.425
103.54
103.658
103.779
103.904
104.033
104.165
104.301
104.44
104.583
104.73
104.881
105.036
105.194
105.357
105.524
105.695
105.87
106.049
106.233
106.421
106.613
106.809
107.01
107.216
107.426
107.64
107.859
108.082
108.309
108.541
108.778
109.018
109.263
109.512
109.765
110.022
110.283
110.547
110.814
111.084
111.357
111.632
111.908
112.186
112.464
112.743
113.02
113.296
113.569
113.839
114.104
114.363
114.615
114.858
115.09
115.311
115.517
115.707
115.879
116.03
116.158
116.26
116.333
116.375
116.382
116.352
116.28
116.165
116.001
115.787
115.519
115.192
114.805
114.355
113.837
113.25
112.592
111.86
111.053
110.17
109.21
108.174
107.061
105.873
104.613
103.281
101.881
100.418
98.8939
97.3151
95.6863
94.0131
92.3013
90.5568
88.7855
86.9931
85.1853
83.3672
81.5435
79.7182
77.8948
76.0758
74.2633
72.4586
70.6621
68.8741
67.0941
65.3219
63.5567
61.7983
60.0467
58.3023
56.5661
54.8398
53.126
51.4276
49.7486
48.0932
46.4663
44.8729
43.3185
41.8082
40.3475
38.9412
37.5942
36.3106
35.094
33.9476
32.8735
31.8735
30.9483
30.098
29.3218
28.618
27.9844
27.4169
26.9113
26.4581
26.0489
25.6883
25.3878
25.1432
24.9463
24.7901
24.6684
24.5756
24.5065
24.4561
24.4195
24.3923
24.3704
24.3497
24.3322
24.3104
24.2726
24.2172
24.1395
24.0847
23.8708
101.774
101.845
101.913
101.983
102.056
102.13
102.207
102.285
102.366
102.449
102.534
102.622
102.712
102.804
102.899
102.997
103.097
103.201
103.307
103.416
103.528
103.643
103.762
103.884
104.009
104.137
104.269
104.404
104.543
104.686
104.832
104.982
105.136
105.294
105.456
105.621
105.791
105.965
106.142
106.324
106.511
106.701
106.895
107.094
107.297
107.504
107.716
107.932
108.152
108.376
108.604
108.837
109.073
109.314
109.558
109.806
110.057
110.312
110.57
110.83
111.093
111.358
111.624
111.892
112.16
112.429
112.696
112.962
113.226
113.487
113.743
113.994
114.238
114.474
114.701
114.917
115.119
115.307
115.478
115.63
115.761
115.868
115.948
116
116.019
116.004
115.951
115.856
115.718
115.532
115.295
115.004
114.656
114.248
113.777
113.241
112.636
111.96
111.213
110.391
109.495
108.524
107.477
106.355
105.159
103.891
102.552
101.146
99.6755
98.1442
96.5562
94.9159
93.2279
91.4969
89.7277
87.9248
86.0925
84.2349
82.3554
80.4572
78.5424
76.613
74.67
72.7141
70.7456
68.7644
66.7705
64.7639
62.7453
60.7157
58.6772
56.6326
54.5857
52.5415
50.5058
48.4854
46.488
44.5218
42.5954
40.7177
38.8976
37.1437
35.4641
33.8661
32.3561
30.9393
29.6196
28.3994
27.2796
26.2599
25.3386
24.5129
23.779
23.1321
22.5665
22.0758
21.6475
21.275
20.9686
20.7328
20.556
20.4306
20.35
20.3081
20.299
20.317
20.3568
20.4136
20.4828
20.5597
20.6399
20.719
20.7927
20.8573
20.9135
20.9527
20.9689
20.9527
20.9528
20.7707
101.853
101.925
101.995
102.066
102.14
102.215
102.293
102.373
102.455
102.538
102.625
102.713
102.804
102.897
102.993
103.091
103.191
103.295
103.401
103.51
103.622
103.737
103.855
103.976
104.101
104.229
104.36
104.494
104.632
104.773
104.918
105.067
105.22
105.376
105.536
105.7
105.867
106.039
106.215
106.394
106.578
106.766
106.958
107.154
107.354
107.558
107.766
107.979
108.195
108.416
108.64
108.869
109.101
109.336
109.576
109.818
110.064
110.313
110.564
110.818
111.074
111.332
111.591
111.85
112.11
112.369
112.627
112.883
113.136
113.386
113.63
113.869
114.1
114.323
114.535
114.736
114.923
115.095
115.25
115.385
115.498
115.587
115.649
115.682
115.682
115.647
115.574
115.459
115.3
115.093
114.836
114.525
114.156
113.728
113.237
112.68
112.055
111.36
110.593
109.752
108.837
107.845
106.778
105.635
104.418
103.126
101.762
100.327
98.8239
97.2555
95.6246
93.9343
92.188
90.3886
88.5394
86.6432
84.7025
82.7195
80.696
78.6335
76.5329
74.3952
72.221
70.011
67.7664
65.4887
63.1802
60.8443
58.4854
56.1095
53.7238
51.3368
48.9583
46.5992
44.2715
41.9876
39.7602
37.6022
35.5258
33.5423
31.6618
29.8928
28.2416
26.7127
25.3082
24.028
22.8705
21.8319
20.9077
20.0919
19.3783
18.76
18.2298
17.7796
17.3993
17.0783
16.8276
16.6471
16.5261
16.4577
16.4354
16.4528
16.5045
16.5856
16.6912
16.8168
16.9579
17.1103
17.2699
17.4326
17.594
17.75
17.8961
18.0276
18.1406
18.2342
18.2997
18.3227
18.3549
18.1763
101.931
102.003
102.072
102.143
102.217
102.292
102.37
102.449
102.531
102.615
102.701
102.789
102.879
102.972
103.067
103.165
103.265
103.368
103.473
103.581
103.692
103.806
103.923
104.043
104.166
104.292
104.422
104.554
104.691
104.83
104.973
105.12
105.27
105.423
105.581
105.742
105.907
106.076
106.249
106.425
106.606
106.79
106.978
107.171
107.367
107.567
107.771
107.98
108.192
108.407
108.627
108.85
109.077
109.307
109.541
109.777
110.017
110.259
110.504
110.75
110.999
111.248
111.499
111.75
112
112.25
112.498
112.744
112.986
113.224
113.457
113.683
113.901
114.111
114.309
114.496
114.668
114.825
114.963
115.082
115.178
115.249
115.293
115.307
115.287
115.233
115.139
115.003
114.823
114.594
114.314
113.979
113.587
113.134
112.617
112.034
111.382
110.658
109.86
108.987
108.037
107.008
105.901
104.714
103.447
102.1
100.675
99.1708
97.5893
95.9317
94.1994
92.3937
90.5161
88.5681
86.5511
84.4662
82.3148
80.098
77.8171
75.4738
73.0698
70.6077
68.0907
65.5232
62.9106
60.2599
57.5795
54.8793
52.171
49.4677
46.7838
44.1346
41.5362
39.0048
36.5563
34.2058
31.967
29.8516
27.869
26.0261
24.3267
22.7722
21.3612
20.0903
18.9542
17.9462
17.0591
16.2846
15.6148
15.0414
14.5564
14.1517
13.8195
13.5469
13.338
13.1968
13.1132
13.081
13.0938
13.1465
13.2341
13.3521
13.4962
13.6625
13.8471
14.0463
14.2563
14.4736
14.6943
14.9147
15.1309
15.3387
15.5337
15.7109
15.865
15.9927
16.0883
16.1314
16.1765
15.9742
101.987
102.059
102.128
102.199
102.272
102.348
102.425
102.504
102.586
102.669
102.754
102.841
102.93
103.021
103.115
103.211
103.309
103.41
103.513
103.619
103.728
103.839
103.954
104.071
104.191
104.314
104.44
104.57
104.703
104.839
104.978
105.121
105.267
105.417
105.57
105.727
105.887
106.051
106.219
106.391
106.566
106.745
106.928
107.115
107.305
107.5
107.698
107.899
108.105
108.313
108.526
108.742
108.961
109.183
109.409
109.637
109.868
110.101
110.336
110.574
110.812
111.051
111.291
111.531
111.77
112.007
112.243
112.476
112.705
112.929
113.147
113.358
113.561
113.754
113.936
114.105
114.26
114.398
114.517
114.615
114.69
114.739
114.76
114.75
114.707
114.626
114.505
114.341
114.131
113.871
113.558
113.189
112.76
112.267
111.709
111.08
110.379
109.603
108.748
107.812
106.793
105.688
104.496
103.215
101.844
100.381
98.8256
97.1768
95.434
93.5969
91.6654
89.6398
87.5205
85.3082
83.0043
80.6105
78.1292
75.5638
72.9184
70.1987
67.4113
64.5644
61.6678
58.7331
55.7732
52.8028
49.838
46.8958
43.9944
41.1521
38.3873
35.7177
33.1598
30.7281
28.4352
26.2905
24.3006
22.4692
20.7967
19.2809
17.9173
16.6995
15.6197
14.6691
13.8387
13.1192
12.5014
11.9766
11.5365
11.1734
10.8795
10.6468
10.4679
10.3501
10.2865
10.2716
10.2998
10.3666
10.4676
10.5992
10.7577
10.9398
11.1422
11.3617
11.5953
11.8396
12.0916
12.3479
12.6052
12.8599
13.1084
13.3466
13.57
13.7737
13.9517
14.098
14.2082
14.2565
14.2996
14.0494
102.018
102.086
102.151
102.219
102.29
102.363
102.438
102.515
102.593
102.673
102.756
102.84
102.926
103.014
103.104
103.197
103.291
103.388
103.488
103.589
103.694
103.8
103.91
104.022
104.137
104.254
104.375
104.499
104.625
104.755
104.887
105.023
105.162
105.304
105.45
105.599
105.751
105.907
106.066
106.229
106.395
106.565
106.738
106.915
107.095
107.278
107.465
107.656
107.85
108.047
108.247
108.45
108.656
108.866
109.077
109.291
109.508
109.726
109.946
110.167
110.389
110.612
110.834
111.056
111.277
111.495
111.711
111.924
112.131
112.334
112.529
112.717
112.895
113.063
113.219
113.36
113.486
113.594
113.682
113.748
113.788
113.802
113.785
113.735
113.649
113.523
113.355
113.14
112.875
112.558
112.182
111.746
111.244
110.674
110.03
109.31
108.508
107.622
106.647
105.581
104.418
103.157
101.793
100.325
98.7489
97.0635
95.2666
93.3569
91.3337
89.1967
86.9466
84.585
82.1144
79.5384
76.8616
74.0904
71.2322
68.2962
65.2931
62.2351
59.1363
56.0118
52.8784
49.7539
46.6569
43.6064
40.6216
37.7211
34.9228
32.2431
29.6964
27.2949
25.0481
22.9626
21.0418
19.2862
17.6938
16.2598
14.9777
13.8393
12.8355
11.9564
11.1921
10.5328
9.9691
9.49208
9.09359
8.76615
8.50291
8.29741
8.14234
8.03555
7.97917
7.96752
7.99595
8.06061
8.15797
8.28495
8.43863
8.61635
8.81547
9.03343
9.26759
9.51545
9.77427
10.0414
10.3138
10.5887
10.8628
11.1329
11.3953
11.6462
11.8812
12.0951
12.2817
12.4331
12.5452
12.5869
12.6168
12.2976
101.978
102.043
102.106
102.171
102.238
102.307
102.377
102.448
102.52
102.593
102.668
102.745
102.823
102.902
102.983
103.067
103.151
103.238
103.327
103.418
103.511
103.606
103.704
103.803
103.905
104.01
104.117
104.227
104.339
104.453
104.571
104.691
104.814
104.94
105.069
105.2
105.335
105.472
105.612
105.756
105.902
106.051
106.204
106.359
106.517
106.678
106.842
107.009
107.179
107.351
107.526
107.703
107.883
108.064
108.248
108.433
108.62
108.808
108.996
109.185
109.374
109.562
109.75
109.935
110.118
110.298
110.474
110.645
110.81
110.968
111.118
111.257
111.386
111.501
111.603
111.687
111.753
111.799
111.821
111.817
111.785
111.721
111.623
111.487
111.309
111.086
110.814
110.489
110.106
109.662
109.152
108.572
107.916
107.181
106.361
105.451
104.448
103.347
102.142
100.832
99.411
97.8767
96.2262
94.4572
92.5682
90.5585
88.428
86.1778
83.8102
81.3282
78.7366
76.0411
73.2491
70.3693
67.4119
64.3885
61.3121
58.1971
55.059
51.9144
48.7806
45.6758
42.6181
39.6256
36.7159
33.9059
31.2111
28.6451
26.22
23.9451
21.8271
19.8706
18.0767
16.4445
14.97
13.6478
12.4702
11.4286
10.5132
9.71427
9.02156
8.42544
7.91653
7.48632
7.12689
6.83126
6.59309
6.40685
6.26735
6.16893
6.11127
6.09375
6.11255
6.16436
6.24633
6.356
6.49109
6.64957
6.82938
7.02866
7.24538
7.47758
7.72306
7.97975
8.24522
8.51714
8.79273
9.06942
9.34407
9.61372
9.87469
10.1234
10.3553
10.5655
10.7473
10.8919
10.9945
11.0201
11.0281
10.622
101.749
101.793
101.837
101.885
101.935
101.985
102.036
102.087
102.139
102.192
102.246
102.3
102.355
102.411
102.467
102.525
102.583
102.643
102.703
102.765
102.828
102.892
102.957
103.024
103.092
103.162
103.233
103.305
103.379
103.455
103.532
103.611
103.692
103.775
103.859
103.945
104.033
104.123
104.214
104.308
104.403
104.5
104.599
104.699
104.802
104.905
105.011
105.118
105.226
105.335
105.446
105.557
105.669
105.782
105.895
106.008
106.12
106.232
106.342
106.451
106.557
106.661
106.761
106.856
106.947
107.032
107.109
107.179
107.239
107.288
107.326
107.349
107.357
107.348
107.32
107.271
107.198
107.098
106.97
106.81
106.615
106.381
106.107
105.787
105.418
104.997
104.518
103.979
103.375
102.701
101.953
101.128
100.219
99.2245
98.1388
96.9587
95.6802
94.3
92.8156
91.2245
89.5249
87.7156
85.7962
83.7669
81.6291
79.3849
77.037
74.5902
72.0495
69.4214
66.7137
63.9352
61.0961
58.2076
55.2823
52.3335
49.3757
46.4238
43.4936
40.6012
37.7627
34.994
32.3104
29.7265
27.2556
24.9094
22.6977
20.6281
18.7065
16.9353
15.3152
13.8446
12.5193
11.3336
10.2801
9.35023
8.53479
7.8243
7.20915
6.68018
6.22863
5.8465
5.52645
5.26203
5.04747
4.87783
4.7488
4.65652
4.59688
4.56966
4.57407
4.60744
4.66751
4.75236
4.86027
4.98975
5.13934
5.30772
5.49345
5.69516
5.91127
6.14023
6.38016
6.6293
6.88545
7.14655
7.40998
7.67339
7.93372
8.18827
8.43338
8.66573
8.88069
9.07369
9.23765
9.36366
9.44647
9.44758
9.42789
8.9207
100.716
100.696
100.681
100.666
100.647
100.626
100.603
100.578
100.551
100.522
100.492
100.46
100.427
100.392
100.356
100.319
100.281
100.241
100.201
100.159
100.117
100.074
100.03
99.9852
99.9399
99.8941
99.8477
99.8007
99.7534
99.7056
99.6575
99.609
99.5603
99.5113
99.462
99.4125
99.3629
99.313
99.2629
99.2127
99.1622
99.1115
99.0605
99.0092
98.9575
98.9054
98.8528
98.7996
98.7457
98.6909
98.6351
98.5781
98.5197
98.4598
98.398
98.3341
98.2677
98.1985
98.126
98.0499
97.9695
97.8844
97.7939
97.6973
97.5939
97.4828
97.3631
97.2337
97.0936
96.9416
96.7762
96.596
96.3996
96.1854
95.9518
95.6965
95.4176
95.1127
94.7795
94.4154
94.0179
93.5841
93.111
92.5955
92.0347
91.425
90.7631
90.0454
89.2686
88.4291
87.5234
86.5481
85.4997
84.3752
83.1715
81.8859
80.5156
79.0587
77.5135
75.8791
74.1548
72.3406
70.4374
68.4469
66.3714
64.2142
61.9794
59.6726
57.3001
54.869
52.3878
49.8662
47.3144
44.7441
42.1673
39.5971
37.0469
34.5304
32.0618
29.6548
27.3226
25.078
22.9325
20.8963
18.9781
17.1845
15.5203
13.9878
12.5879
11.3181
10.1753
9.15405
8.24791
7.44917
6.74959
6.14061
5.61371
5.16063
4.77357
4.44536
4.16952
3.94026
3.75255
3.60202
3.48494
3.39817
3.33902
3.30465
3.2947
3.30879
3.34521
3.40245
3.47932
3.57469
3.68766
3.8173
3.96276
4.12311
4.2974
4.48453
4.68334
4.89244
5.11035
5.33541
5.56575
5.7994
6.03407
6.26747
6.49687
6.71961
6.9324
7.13202
7.3142
7.4746
7.60594
7.7009
7.7534
7.72319
7.67439
7.06407
94.6847
94.4088
94.1462
93.8802
93.6056
93.3245
93.0389
92.7492
92.4556
92.1583
91.8576
91.5539
91.2474
90.9384
90.6272
90.3141
89.9993
89.6831
89.3657
89.0474
88.7286
88.4094
88.09
87.7708
87.4519
87.1336
86.8162
86.4998
86.1848
85.8712
85.5594
85.2495
84.9417
84.6363
84.3334
84.0332
83.7359
83.4417
83.1507
82.8631
82.579
82.2987
82.0221
81.7494
81.4807
81.2161
80.9558
80.6996
80.4477
80.2001
79.9568
79.7178
79.483
79.2523
79.0256
78.8028
78.5836
78.3679
78.1553
77.9455
77.7381
77.5326
77.3287
77.1255
76.9226
76.7191
76.5142
76.307
76.0964
75.8814
75.6605
75.4323
75.1954
74.9483
74.6893
74.4161
74.1269
73.8193
73.4911
73.14
72.7633
72.3584
71.9224
71.4525
70.9458
70.3991
69.8094
69.1734
68.488
67.7501
66.9566
66.1046
65.1912
64.2138
63.17
62.0577
60.8748
59.6201
58.2929
56.8928
55.42
53.8755
52.2608
50.5785
48.8316
47.024
45.1606
43.2476
41.2912
39.299
37.2795
35.2418
33.1959
31.1522
29.1219
27.1161
25.1463
23.2239
21.3598
19.5645
17.8477
16.2178
14.6821
13.2463
11.9145
10.6889
9.56986
8.55623
7.64539
6.83215
6.11182
5.47787
4.92379
4.44216
4.02617
3.66869
3.36348
3.10435
2.88611
2.70379
2.55341
2.43121
2.33431
2.26001
2.20631
2.17141
2.1535
2.15225
2.16774
2.19885
2.24478
2.30473
2.37818
2.46449
2.5633
2.67399
2.79616
2.92906
3.07216
3.22444
3.38519
3.55304
3.72697
3.90532
4.08676
4.26929
4.45124
4.63031
4.8045
4.97119
5.12793
5.27167
5.39917
5.50655
5.58772
5.63771
5.65095
5.58844
5.52062
4.85454
72.4852
71.828
71.2081
70.595
69.9824
69.3742
68.7731
68.1794
67.5932
67.0147
66.4442
65.8818
65.3277
64.782
64.2449
63.7164
63.1966
62.6856
62.1835
61.6904
61.2062
60.7311
60.2651
59.8082
59.3604
58.9219
58.4926
58.0725
57.6617
57.2601
56.8678
56.4848
56.111
55.7465
55.3912
55.0452
54.7084
54.3807
54.0623
53.7529
53.4527
53.1615
52.8792
52.6059
52.3414
52.0856
51.8385
51.6
51.3699
51.148
50.9343
50.7285
50.5305
50.34
50.1569
49.9807
49.8113
49.6483
49.4912
49.3397
49.1934
49.0517
48.9141
48.78
48.6487
48.5195
48.3916
48.2641
48.1362
48.0069
47.8748
47.7386
47.5957
47.4452
47.2855
47.1151
46.9322
46.7354
46.5227
46.2923
46.0423
45.7707
45.4753
45.1539
44.8044
44.4245
44.0119
43.5643
43.0794
42.5552
41.9896
41.3804
40.726
40.0247
39.2751
38.4761
37.6267
36.7264
35.7753
34.774
33.7233
32.6247
31.4802
30.2925
29.0648
27.801
26.5055
25.1838
23.8415
22.4848
21.1208
19.7568
18.4006
17.0602
15.7437
14.4592
13.2146
12.0174
10.8747
9.79251
8.77628
7.83014
6.95705
6.15864
5.43518
4.78558
4.20749
3.69749
3.25142
2.8638
2.52952
2.24316
1.99928
1.79261
1.61838
1.4722
1.35025
1.24916
1.16613
1.09871
1.04496
1.00323
0.97223
0.950874
0.93835
0.934001
0.937857
0.949737
0.969244
0.995868
1.02947
1.06967
1.11647
1.16946
1.22875
1.29379
1.36468
1.44067
1.5218
1.60702
1.69634
1.78833
1.88293
1.97839
2.0746
2.16949
2.26288
2.35244
2.43797
2.51687
2.58881
2.65093
2.70254
2.74051
2.76478
2.7702
2.75379
2.68945
2.63644
2.13793
8.17368
9.10372
9.89529
10.4437
10.9175
11.3837
11.8481
12.316
12.7974
13.3016
13.8363
14.4089
15.0269
15.6983
16.4313
17.2349
18.1189
19.0933
20.1735
21.3635
22.7137
24.1471
26.0271
27.4647
32.3788
10.8321
11.5865
12.2872
12.8328
13.3425
13.8638
14.3991
14.9526
15.5341
16.153
16.818
17.538
18.3224
19.1817
20.1271
21.171
22.3279
23.6129
25.0477
26.6443
28.4618
30.4358
32.9348
35.0553
40.5411
12.1426
12.7321
13.3391
13.8574
14.3583
14.8765
15.4154
15.9803
16.5804
17.2249
17.9226
18.6827
19.5153
20.4313
21.4429
22.5639
23.8101
25.1987
26.7538
28.4898
30.4708
32.6345
35.3545
37.7489
43.2903
13.0091
13.4943
14.028
14.5178
15.0046
15.5129
16.0467
16.6112
17.215
17.867
18.576
19.3513
20.203
21.1424
22.1821
23.3361
24.621
26.0542
27.6613
29.4567
31.5075
33.7484
36.5621
39.0574
44.5552
13.7041
14.1201
14.5969
15.0615
15.5353
16.0345
16.5628
17.1253
17.7301
18.3856
19.1005
19.8842
20.7469
21.7
22.7561
23.9296
25.2371
26.6963
28.3333
30.1622
32.2525
34.534
37.3999
39.9362
45.3794
14.331
14.6991
15.1316
15.5738
16.0355
16.5265
17.05
17.6107
18.2161
18.8742
19.5936
20.3836
21.2545
22.2176
23.2857
24.4731
25.7966
27.2739
28.9315
30.7828
32.8996
35.206
38.106
40.6591
46.0504
14.9383
15.2724
15.6702
16.0927
16.543
17.0264
17.5455
18.1047
18.7107
19.3712
20.0947
20.8902
21.7681
22.7395
23.8174
25.0159
26.352
27.8433
29.5165
31.3842
33.5203
35.8434
38.7674
41.3252
46.6693
15.5522
15.8618
16.2323
16.6374
17.0768
17.5531
18.0682
18.626
19.2327
19.8956
20.6229
21.4236
22.3077
23.2866
24.373
25.5809
26.9275
28.4301
30.1157
31.996
34.1469
36.4812
39.4227
41.9778
47.2793
16.1883
16.4798
16.8286
17.2184
17.6478
18.1173
18.6284
19.1848
19.7922
20.4574
21.1883
21.9938
22.8839
23.8695
24.9634
26.1797
27.5352
29.0472
30.7428
32.6331
34.7954
37.1371
40.091
42.6387
47.9015
16.8559
17.1338
17.4652
17.8417
18.2616
18.7246
19.2318
19.7868
20.3947
21.062
21.7964
22.6065
23.502
24.4938
25.5946
26.8181
28.1814
29.7012
31.4051
33.3031
35.474
37.8203
40.7824
43.3196
48.5465
17.5608
17.8281
18.1453
18.5101
18.9212
19.378
19.8815
20.4349
21.0431
21.7124
22.4499
23.2642
24.1646
25.1622
26.269
27.4991
28.8689
30.3954
32.1059
34.0097
36.187
38.5355
41.5024
44.0269
49.2197
18.3059
18.5646
18.8702
19.2247
19.6277
20.0786
20.5784
21.1301
21.7385
22.4093
23.1497
23.9677
24.8727
25.8754
26.9877
28.2233
29.5988
31.1307
32.8464
34.7545
36.9361
39.2849
42.2534
44.7639
49.9239
19.0926
19.3441
19.6399
19.9852
20.3809
20.8261
21.3222
21.8722
22.4804
23.1526
23.8954
24.7168
25.6259
26.633
27.7501
28.9905
30.3707
31.9068
33.6265
35.5374
37.7215
40.0689
43.0363
45.5318
50.6597
19.9208
20.1659
20.4533
20.7905
21.1793
21.6193
22.1118
22.6599
23.2679
23.941
24.6859
25.5102
26.4228
27.4338
28.5549
29.7993
31.1832
32.7226
34.4449
36.3574
38.5422
40.8868
43.8505
46.3306
51.4268
20.7891
21.0285
21.3086
21.6387
22.0212
22.4561
22.9453
23.4915
24.0989
24.7727
25.5193
26.3461
27.2616
28.2759
29.4003
30.6478
32.0345
33.5761
35.2999
37.2126
39.3967
41.7371
44.6948
47.1593
52.2242
21.6955
21.9296
22.2034
22.5271
22.9039
23.3342
23.82
24.3643
24.971
25.6453
26.3932
27.222
28.1399
29.1567
30.2837
31.5336
32.9221
34.465
36.1891
38.1009
40.2826
42.6179
45.5675
48.0163
53.0505
22.6371
22.8664
23.1347
23.4527
23.8244
24.2505
24.7332
25.2755
25.8815
26.5559
27.3048
28.1351
29.0549
30.0736
31.2024
32.4538
33.8433
35.3863
37.1097
39.0194
41.1976
43.5267
46.4664
48.8994
53.9041
23.6107
23.8357
24.0992
24.4123
24.7793
25.2016
25.6814
26.2219
26.827
27.5014
28.2509
29.0822
30.0033
31.0233
32.1532
33.4053
34.7948
36.3371
38.0587
39.9654
42.1387
44.4608
47.3889
49.8059
54.7839
24.6164
24.8391
25.1003
25.4109
25.7758
26.1967
26.676
27.217
27.8236
28.5005
29.2531
30.0882
31.0134
32.0377
33.1719
34.4281
35.8215
37.3671
39.0913
40.9999
43.1735
45.4946
48.4172
50.8252
55.7883
25.6489
25.8709
26.1317
26.442
26.807
27.2286
27.7096
28.2534
28.8638
29.5454
30.3036
31.1449
32.0768
33.1082
34.2495
35.5129
36.9132
38.4656
40.196
42.1103
44.2881
46.6126
49.5333
51.9386
56.8875
26.7
26.9211
27.1816
27.4919
27.8571
28.2797
28.7626
29.3091
29.9231
30.6092
31.3726
32.2195
33.1575
34.1951
35.3428
36.6123
38.0186
39.5766
41.3119
43.2307
45.4113
47.7381
50.6552
53.0579
57.9894
27.7643
27.9844
28.2448
28.5553
28.9211
29.3448
29.8296
30.3789
30.9964
31.6867
32.4548
33.307
34.2504
35.2936
36.4468
37.7217
39.133
40.6956
42.4348
44.3568
46.539
48.8669
51.779
54.179
59.0918
28.8359
29.055
29.3154
29.6264
29.993
30.4181
30.905
31.457
32.078
32.7722
33.5449
34.4018
35.3502
36.3984
37.5564
38.8358
40.2512
41.8174
43.5594
45.4836
47.6661
49.9942
52.9002
55.2974
60.1909
29.9082
30.1263
30.387
30.6988
31.0665
31.4932
31.9822
32.5371
33.1615
33.8596
34.6365
35.4979
36.4507
37.5033
38.6655
39.9487
41.3674
42.9362
44.6801
46.6056
48.7873
51.1147
54.0136
56.4079
61.2817
30.9744
31.1917
31.4528
31.7656
32.1346
32.5632
33.0546
33.6124
34.2401
34.9421
35.723
36.5885
37.5454
38.6019
39.7676
41.054
42.4752
44.046
45.7908
47.7166
49.8966
52.2224
55.1134
57.5047
62.3588
32.027
32.2441
32.5055
32.8194
33.1901
33.6207
34.1147
34.6755
35.3068
36.0125
36.7973
37.6667
38.6274
39.6873
40.8561
42.145
43.568
45.1399
46.8849
48.8101
50.9876
53.311
56.1933
58.5817
63.4157
33.0573
33.2746
33.5374
33.8526
34.2249
34.6579
35.1547
35.7189
36.3537
37.0632
37.8518
38.725
39.6892
40.7522
41.9236
43.2144
44.6387
46.211
47.9554
49.8792
52.0532
54.3737
57.2464
59.6322
64.4451
34.0491
34.2657
34.5294
34.8459
35.2194
35.6543
36.1535
36.7204
37.3582
38.0707
38.8622
39.7379
40.7043
41.7689
42.9411
44.232
45.6554
47.2259
48.9672
50.8871
53.0548
55.3696
58.2299
60.6112
65.3987
34.9949
35.2098
35.4736
35.7918
36.167
36.6035
37.105
37.6742
38.3145
39.0293
39.8228
40.7002
41.6675
42.7324
43.9041
45.1935
46.6144
48.1813
49.9176
51.8317
53.9912
56.2985
59.1446
61.5201
66.2829
35.8929
36.1068
36.3712
36.6915
37.07
37.5091
38.0134
38.5858
39.229
39.9465
40.7424
41.6215
42.5899
43.6551
44.8261
46.1139
47.532
49.0951
50.8262
52.7341
54.8851
57.1849
60.0165
62.3874
67.1271
36.7343
36.9482
37.2139
37.5369
37.9191
38.3626
38.8707
39.4468
40.0937
40.8144
41.6129
42.494
43.4636
44.529
45.6993
46.9853
48.4004
49.9594
51.6849
53.5864
55.7286
58.021
60.8379
63.2052
67.9229
37.5118
37.7264
37.9941
38.3205
38.7069
39.1558
39.6687
40.2495
40.9005
41.6249
42.4264
43.3097
44.2805
45.3462
46.5156
47.7996
49.2115
50.7661
52.4857
54.3805
56.5134
58.7984
61.6003
63.9652
68.6618
38.2189
38.4345
38.7048
39.0352
39.4265
39.881
40.4
40.9859
41.6418
42.3702
43.175
44.0605
45.0326
46.0984
47.2668
48.5485
49.9569
51.5066
53.2199
55.1076
57.2308
59.5083
62.2948
64.6587
69.3345
38.8492
39.0661
39.3393
39.6741
40.0708
40.5312
41.0568
41.6486
42.3095
43.0423
43.8504
44.7383
45.7115
46.7773
47.9443
49.2234
50.6277
52.172
53.8785
55.7585
57.8716
60.1415
62.9121
65.2764
69.9311
39.4325
39.6505
39.9268
40.2661
40.6682
41.1344
41.666
42.2636
42.9288
43.6649
44.4753
45.364
46.3368
47.4006
48.5642
49.8383
51.2361
52.7724
54.4692
56.3387
58.4385
60.698
63.4495
65.8131
70.4421
39.9434
40.1626
40.4429
40.7877
41.1963
41.6692
42.2074
42.8115
43.4819
44.2212
45.0332
45.922
46.8931
47.9535
49.112
50.3793
51.7686
53.295
54.9801
56.8372
58.9223
61.1702
63.902
66.2647
70.8747
40.3368
40.5584
40.8445
41.1962
41.6123
42.0928
42.6382
43.2487
43.9249
44.6682
45.4818
46.3704
47.3395
48.396
49.5489
50.8088
52.1892
53.7053
55.3786
57.2235
59.2943
61.5316
64.2457
66.6095
71.2087
40.5926
40.8188
41.1134
41.4742
41.8993
42.3886
42.9419
43.559
44.2404
44.9878
45.8033
46.6915
47.6581
48.7103
49.8569
51.109
52.4801
53.9857
55.6473
57.4804
59.5378
61.7659
64.4646
66.8324
71.4291
40.6789
40.9135
41.2207
41.5935
42.0299
42.5299
43.0924
43.7167
44.4033
45.154
45.9712
46.859
47.8231
48.8707
50.0111
51.2553
52.6171
54.1125
55.7632
57.5855
59.6312
61.8523
64.5386
66.9142
71.5175
40.5435
40.7924
41.1182
41.5075
41.9589
42.4724
43.0463
43.6794
44.3722
45.1265
45.9453
46.8328
47.7949
48.8388
49.9737
51.2111
52.565
54.0519
55.6936
57.5077
59.5446
61.7624
64.4411
66.8299
71.4501
40.1002
40.3721
40.7251
41.1376
41.6095
42.1412
42.7305
43.3758
44.0777
44.8382
45.6606
46.5495
47.5111
48.5534
49.6864
50.9206
52.2707
53.7535
55.391
57.2022
59.2365
61.4574
64.1361
66.5462
71.1951
39.2081
39.516
39.9083
40.3542
40.8555
41.4138
42.0262
42.6908
43.4086
44.1819
45.0143
45.9111
46.8788
47.9258
49.0625
50.3017
51.6577
53.1463
54.79
56.609
58.6517
60.8873
63.578
66.0218
70.7151
37.664
38.0282
38.4789
38.9748
39.5212
40.1211
40.771
41.4691
42.2167
43.0169
43.8738
44.793
45.7817
46.8488
48.0049
49.263
50.6382
52.1491
53.8171
55.6623
57.7312
59.9988
62.7184
65.213
69.9714
35.2772
35.7306
36.2692
36.8422
37.4591
38.1249
38.8358
39.5903
40.3907
41.2406
42.1448
43.1094
44.1422
45.2525
46.4512
47.7515
49.1688
50.7217
52.4322
54.3219
56.4374
58.7573
61.526
64.0893
68.9375
31.892
32.467
33.1279
33.812
34.5329
35.2963
36.0981
36.9377
37.8181
38.744
39.7209
40.7557
41.8567
43.0336
44.2977
45.6625
47.1433
48.759
50.5317
52.4839
54.6615
57.0481
59.8835
62.5311
67.4907
27.9537
28.6943
29.5058
30.3201
31.1585
32.0291
32.929
33.8595
34.8255
35.8327
36.8875
37.9977
39.1718
40.4201
41.754
43.187
44.7345
46.4152
48.2513
50.2658
52.5041
54.9532
57.8515
60.575
65.6382
24.3627
25.2215
26.1475
27.0655
28.0017
28.9639
29.9491
30.9601
32.0024
33.0826
34.2075
35.3849
36.6238
37.9345
39.3282
40.8185
42.4207
44.1534
46.0387
48.0995
50.3814
52.8729
55.8135
58.5854
63.7247
21.2882
22.2243
23.2251
24.2118
25.216
26.2441
27.2925
28.3644
29.4657
30.6027
31.7822
33.012
34.3007
35.6584
37.0962
38.6275
40.2671
42.0336
43.9487
46.0353
48.3388
50.8484
53.8062
56.5956
61.7845
18.6902
19.68
20.7277
21.7555
22.8025
23.8734
24.9639
26.0773
27.2192
28.3956
29.6126
30.8776
32.1988
33.5859
35.0495
36.6026
38.2599
40.0393
41.9622
44.0512
46.3515
48.8519
51.7983
54.5719
59.7829
16.4681
17.5006
18.578
19.6283
20.7
21.7962
22.9118
24.0502
25.2161
26.415
27.6522
28.9345
30.2696
31.6667
33.1359
34.6895
36.3419
38.1105
40.0159
42.0801
44.3479
46.8072
49.7074
52.4266
57.6278
14.5149
15.5868
16.6842
17.7454
18.8294
19.9381
21.0651
22.2137
23.3878
24.592
25.8311
27.1111
28.4392
29.8241
31.275
32.8041
34.4246
36.1532
38.0098
40.015
42.2131
44.5899
47.399
50.0132
55.164
12.7322
13.8443
14.9572
16.0223
17.1095
18.2192
19.3441
20.4869
21.6509
22.8404
24.059
25.3126
26.6077
27.9522
29.3546
30.8262
32.3792
34.0291
35.7945
37.6942
39.7716
42.0091
44.6654
47.1054
52.1515
11.0286
12.1843
13.3113
14.3741
15.4537
16.5496
17.6536
18.7685
19.8971
21.0435
22.2108
23.4043
24.6296
25.894
27.205
28.5724
30.0072
31.5233
33.1374
34.8659
36.7513
38.7715
41.192
43.3653
48.2371
9.31043
10.5138
11.6508
12.6984
13.7491
14.8037
15.8542
16.904
17.9561
19.0145
20.0819
21.1628
22.2622
23.3862
24.5412
25.7357
26.9792
28.2835
29.6639
31.1332
32.736
34.4429
36.5304
38.3282
42.9379
7.46064
8.70575
9.82943
10.8225
11.7939
12.7492
13.6823
14.5983
15.5009
16.3944
17.2812
18.1658
19.0524
19.947
20.855
21.7844
22.7423
23.7407
24.7964
25.92
27.15
28.4529
30.106
31.4275
35.6314
5.28511
6.50574
7.52052
8.34725
9.11909
9.85075
10.5409
11.1972
11.8259
12.4324
13.0205
13.5953
14.162
14.7266
15.2937
15.871
16.4688
17.0957
17.7611
18.4752
19.2667
20.1021
21.2283
22.009
25.463
2.50424
3.42324
4.07283
4.51848
4.90558
5.25363
5.56701
5.8538
6.12181
6.37529
6.61801
6.85371
7.08594
7.31835
7.55492
7.79915
8.05399
8.32423
8.61399
8.92768
9.28222
9.65044
10.1955
10.4612
12.6089
)
;

boundaryField
{
    inlet
    {
        type            calculated;
        value           uniform 100;
    }
    outlet
    {
        type            calculated;
        value           nonuniform List<scalar> 
57
(
32.3788
40.5411
43.2903
44.5552
45.3794
46.0504
46.6693
47.2793
47.9015
48.5465
49.2197
49.9239
50.6597
51.4268
52.2242
53.0505
53.9041
54.7839
55.7883
56.8875
57.9894
59.0918
60.1909
61.2817
62.3588
63.4157
64.4451
65.3987
66.2829
67.1271
67.9229
68.6618
69.3345
69.9311
70.4421
70.8747
71.2087
71.4291
71.5175
71.4501
71.1951
70.7151
69.9714
68.9375
67.4907
65.6382
63.7247
61.7845
59.7829
57.6278
55.164
52.1515
48.2371
42.9379
35.6314
25.463
12.6089
)
;
    }
    upperWall
    {
        type            calculated;
        value           uniform 0;
    }
    lowerWall
    {
        type            calculated;
        value           uniform 0;
    }
    frontAndBack
    {
        type            empty;
    }
}


// ************************************************************************* //
